55.945425,-3.191456,WSW,55.945310,-3.191733,87.03,364.23
55.945310,-3.191733,NE,55.945522,-3.191521,87.03,362.98
55.945522,-3.191521,ESE,55.945408,-3.191244,200.69,457.60
55.945408,-3.191244,N,55.945708,-3.191244,200.69,456.35
55.945708,-3.191244,NNW,55.945985,-3.191359,217.94,506.37
55.945985,-3.191359,E,55.945985,-3.191059,217.94,505.12
55.945985,-3.191059,ENE,55.946099,-3.190782,217.94,503.87
55.946099,-3.190782,E,55.946099,-3.190482,244.29,565.94
55.946099,-3.190482,SE,55.945887,-3.190269,244.29,564.69
55.945887,-3.190269,SE,55.945675,-3.190057,244.29,563.44
55.945675,-3.190057,SSE,55.945398,-3.189942,277.35,679.64
55.945398,-3.189942,SE,55.945186,-3.189730,277.35,678.39
55.945186,-3.189730,ESE,55.945071,-3.189453,401.35,687.93
55.945071,-3.189453,N,55.945371,-3.189453,414.75,747.95
55.945371,-3.189453,ESE,55.945256,-3.189176,414.75,746.70
55.945256,-3.189176,E,55.945256,-3.188876,435.02,807.19
55.945256,-3.188876,SSW,55.944979,-3.188991,435.02,805.94
55.944979,-3.188991,S,55.944679,-3.188991,491.87,840.66
55.944679,-3.188991,W,55.944679,-3.189291,491.87,839.41
55.944679,-3.189291,WSW,55.944564,-3.189568,491.87,838.16
55.944564,-3.189568,W,55.944564,-3.189868,491.87,836.91
55.944564,-3.189868,WSW,55.944450,-3.190145,602.51,956.95
55.944450,-3.190145,SW,55.944237,-3.190357,670.38,1056.52
55.944237,-3.190357,SW,55.944025,-3.190569,670.38,1055.27
55.944025,-3.190569,SW,55.943813,-3.190782,670.38,1054.02
55.943813,-3.190782,SSW,55.943536,-3.190896,715.50,1127.93
55.943536,-3.190896,SW,55.943324,-3.191108,764.47,1240.02
55.943324,-3.191108,WNW,55.943439,-3.191386,819.37,1356.81
55.943439,-3.191386,NNE,55.943716,-3.191271,934.08,1472.92
55.943716,-3.191271,SE,55.943504,-3.191059,934.08,1471.67
55.943504,-3.191059,SE,55.943292,-3.190847,964.21,1526.56
55.943292,-3.190847,WNW,55.943406,-3.191124,964.21,1525.31
55.943406,-3.191124,NW,55.943618,-3.191336,964.21,1524.06
55.943618,-3.191336,W,55.943618,-3.191636,964.21,1522.81
55.943618,-3.191636,NW,55.943831,-3.191848,964.21,1521.56
55.943831,-3.191848,NW,55.944043,-3.192060,1033.67,1592.22
55.944043,-3.192060,ENE,55.944158,-3.191783,1033.67,1590.97
55.944158,-3.191783,ENE,55.944272,-3.191506,1033.67,1589.72
55.944272,-3.191506,SE,55.944060,-3.191294,1033.67,1588.47
55.944060,-3.191294,ESE,55.943945,-3.191016,1033.67,1587.22
55.943945,-3.191016,ESE,55.943831,-3.190739,1033.67,1585.97
55.943831,-3.190739,ESE,55.943716,-3.190462,1033.67,1584.72
55.943716,-3.190462,E,55.943716,-3.190162,1033.67,1583.47
55.943716,-3.190162,ESE,55.943601,-3.189885,1033.67,1582.22
55.943601,-3.189885,ESE,55.943486,-3.189608,1033.67,1580.97
55.943486,-3.189608,ESE,55.943371,-3.189331,1033.67,1579.72
55.943371,-3.189331,ESE,55.943257,-3.189053,1033.67,1578.47
55.943257,-3.189053,ESE,55.943142,-3.188776,1033.67,1577.22
55.943142,-3.188776,E,55.943142,-3.188476,1033.67,1575.97
55.943142,-3.188476,ESE,55.943027,-3.188199,1033.67,1574.72
55.943027,-3.188199,E,55.943027,-3.187899,1033.67,1573.47
55.943027,-3.187899,ESE,55.942912,-3.187622,1061.62,1624.55
55.942912,-3.187622,ENE,55.943027,-3.187345,1061.62,1623.30
55.943027,-3.187345,ENE,55.943142,-3.187068,1151.29,1701.00
55.943142,-3.187068,E,55.943142,-3.186768,1254.07,1774.40
55.943142,-3.186768,SSW,55.942865,-3.186882,1272.63,1819.28
55.942865,-3.186882,SE,55.942653,-3.186670,1272.63,1818.03
55.942653,-3.186670,WNW,55.942767,-3.186948,1272.63,1816.78
55.942767,-3.186948,NNE,55.943044,-3.186833,1272.63,1815.53
55.943044,-3.186833,NE,55.943257,-3.186621,1272.63,1814.28
55.943257,-3.186621,ESE,55.943142,-3.186343,1272.63,1813.03
55.943142,-3.186343,SE,55.942930,-3.186131,1287.18,1934.63
55.942930,-3.186131,N,55.943230,-3.186131,1405.31,2054.94
55.943230,-3.186131,NNW,55.943507,-3.186246,1405.31,2053.69
55.943507,-3.186246,NNW,55.943784,-3.186361,1476.11,2078.68
55.943784,-3.186361,NNW,55.944061,-3.186476,1529.70,2122.52
55.944061,-3.186476,WSW,55.943946,-3.186753,1541.96,2225.60
55.943946,-3.186753,W,55.943946,-3.187053,1544.01,2301.75
55.943946,-3.187053,ESE,55.943832,-3.186776,1544.01,2300.50
55.943832,-3.186776,E,55.943832,-3.186476,1544.01,2299.25
55.943832,-3.186476,ESE,55.943717,-3.186199,1544.01,2298.00
55.943717,-3.186199,E,55.943717,-3.185899,1612.00,2324.67
55.943717,-3.185899,NE,55.943929,-3.185686,1612.00,2323.42
55.943929,-3.185686,NE,55.944141,-3.185474,1634.70,2422.20
55.944141,-3.185474,NNE,55.944418,-3.185359,1634.70,2420.95
55.944418,-3.185359,N,55.944718,-3.185359,1691.41,2536.63
55.944718,-3.185359,ESE,55.944603,-3.185082,1691.41,2535.38
55.944603,-3.185082,ESE,55.944489,-3.184805,1795.50,2586.69
55.944489,-3.184805,SSW,55.944211,-3.184920,1795.50,2585.44
55.944211,-3.184920,SSW,55.943934,-3.185035,1795.50,2584.19
55.943934,-3.185035,SSW,55.943657,-3.185150,1795.50,2582.94
55.943657,-3.185150,S,55.943357,-3.185150,1795.50,2581.69
55.943357,-3.185150,SSW,55.943080,-3.185264,1806.66,2585.50
55.943080,-3.185264,NNW,55.943357,-3.185379,1806.66,2584.25
55.943357,-3.185379,NNW,55.943634,-3.185494,1806.66,2583.00
55.943634,-3.185494,NNW,55.943911,-3.185609,1806.66,2581.75
55.943911,-3.185609,NNW,55.944189,-3.185724,1806.66,2580.50
55.944189,-3.185724,NNW,55.944466,-3.185838,1806.66,2579.25
55.944466,-3.185838,NNW,55.944743,-3.185953,1806.66,2578.00
55.944743,-3.185953,NNW,55.945020,-3.186068,1881.94,2608.92
55.945020,-3.186068,SSE,55.944743,-3.185953,1881.94,2607.67
55.944743,-3.185953,NNW,55.945020,-3.186068,1881.94,2606.42
55.945020,-3.186068,SSE,55.944743,-3.185953,1881.94,2605.17
55.944743,-3.185953,NNW,55.945020,-3.186068,1881.94,2603.92
55.945020,-3.186068,SSE,55.944743,-3.185953,1881.94,2602.67
55.944743,-3.185953,NNW,55.945020,-3.186068,1881.94,2601.42
55.945020,-3.186068,SSE,55.944743,-3.185953,1881.94,2600.17
55.944743,-3.185953,NNW,55.945020,-3.186068,1881.94,2598.92
55.945020,-3.186068,SSE,55.944743,-3.185953,1881.94,2597.67
55.944743,-3.185953,NNW,55.945020,-3.186068,1881.94,2596.42
55.945020,-3.186068,SSE,55.944743,-3.185953,1881.94,2595.17
55.944743,-3.185953,NNW,55.945020,-3.186068,1881.94,2593.92
55.945020,-3.186068,SSE,55.944743,-3.185953,1881.94,2592.67
55.944743,-3.185953,NNW,55.945020,-3.186068,1881.94,2591.42
55.945020,-3.186068,SSE,55.944743,-3.185953,1881.94,2590.17
55.944743,-3.185953,NNW,55.945020,-3.186068,1881.94,2588.92
55.945020,-3.186068,SSE,55.944743,-3.185953,1881.94,2587.67
55.944743,-3.185953,NNW,55.945020,-3.186068,1881.94,2586.42
55.945020,-3.186068,SSE,55.944743,-3.185953,1881.94,2585.17
55.944743,-3.185953,NNW,55.945020,-3.186068,1881.94,2583.92
55.945020,-3.186068,SSE,55.944743,-3.185953,1881.94,2582.67
55.944743,-3.185953,NNW,55.945020,-3.186068,1881.94,2581.42
55.945020,-3.186068,SSE,55.944743,-3.185953,1881.94,2580.17
55.944743,-3.185953,NNW,55.945020,-3.186068,1881.94,2578.92
55.945020,-3.186068,SSE,55.944743,-3.185953,1881.94,2577.67
55.944743,-3.185953,NNW,55.945020,-3.186068,1881.94,2576.42
55.945020,-3.186068,SSE,55.944743,-3.185953,1881.94,2575.17
55.944743,-3.185953,NNW,55.945020,-3.186068,1881.94,2573.92
55.945020,-3.186068,SSE,55.944743,-3.185953,1881.94,2572.67
55.944743,-3.185953,NNW,55.945020,-3.186068,1881.94,2571.42
55.945020,-3.186068,SSE,55.944743,-3.185953,1881.94,2570.17
55.944743,-3.185953,NNW,55.945020,-3.186068,1881.94,2568.92
55.945020,-3.186068,SSE,55.944743,-3.185953,1881.94,2567.67
55.944743,-3.185953,NNW,55.945020,-3.186068,1881.94,2566.42
55.945020,-3.186068,SSE,55.944743,-3.185953,1881.94,2565.17
55.944743,-3.185953,NNW,55.945020,-3.186068,1881.94,2563.92
55.945020,-3.186068,SSE,55.944743,-3.185953,1881.94,2562.67
55.944743,-3.185953,NNW,55.945020,-3.186068,1881.94,2561.42
55.945020,-3.186068,SSE,55.944743,-3.185953,1881.94,2560.17
55.944743,-3.185953,NNW,55.945020,-3.186068,1881.94,2558.92
55.945020,-3.186068,SSE,55.944743,-3.185953,1881.94,2557.67
55.944743,-3.185953,NNW,55.945020,-3.186068,1881.94,2556.42
55.945020,-3.186068,SSE,55.944743,-3.185953,1881.94,2555.17
55.944743,-3.185953,NNW,55.945020,-3.186068,1881.94,2553.92
55.945020,-3.186068,SSE,55.944743,-3.185953,1881.94,2552.67
55.944743,-3.185953,NNW,55.945020,-3.186068,1881.94,2551.42
55.945020,-3.186068,SSE,55.944743,-3.185953,1881.94,2550.17
55.944743,-3.185953,NNW,55.945020,-3.186068,1881.94,2548.92
55.945020,-3.186068,SSE,55.944743,-3.185953,1881.94,2547.67
55.944743,-3.185953,NNW,55.945020,-3.186068,1881.94,2546.42
55.945020,-3.186068,SSE,55.944743,-3.185953,1881.94,2545.17
55.944743,-3.185953,NNW,55.945020,-3.186068,1881.94,2543.92
55.945020,-3.186068,SSE,55.944743,-3.185953,1881.94,2542.67
55.944743,-3.185953,NNW,55.945020,-3.186068,1881.94,2541.42
55.945020,-3.186068,SSE,55.944743,-3.185953,1881.94,2540.17
55.944743,-3.185953,NNW,55.945020,-3.186068,1881.94,2538.92
55.945020,-3.186068,SSE,55.944743,-3.185953,1881.94,2537.67
55.944743,-3.185953,NNW,55.945020,-3.186068,1881.94,2536.42
55.945020,-3.186068,SSE,55.944743,-3.185953,1881.94,2535.17
55.944743,-3.185953,NNW,55.945020,-3.186068,1881.94,2533.92
55.945020,-3.186068,SSE,55.944743,-3.185953,1881.94,2532.67
55.944743,-3.185953,NNW,55.945020,-3.186068,1881.94,2531.42
55.945020,-3.186068,SSE,55.944743,-3.185953,1881.94,2530.17
55.944743,-3.185953,NNW,55.945020,-3.186068,1881.94,2528.92
55.945020,-3.186068,SSE,55.944743,-3.185953,1881.94,2527.67
55.944743,-3.185953,NNW,55.945020,-3.186068,1881.94,2526.42
55.945020,-3.186068,SSE,55.944743,-3.185953,1881.94,2525.17
55.944743,-3.185953,NNW,55.945020,-3.186068,1881.94,2523.92
55.945020,-3.186068,SSE,55.944743,-3.185953,1881.94,2522.67
55.944743,-3.185953,NNW,55.945020,-3.186068,1881.94,2521.42
55.945020,-3.186068,SSE,55.944743,-3.185953,1881.94,2520.17
55.944743,-3.185953,NNW,55.945020,-3.186068,1881.94,2518.92
55.945020,-3.186068,SSE,55.944743,-3.185953,1881.94,2517.67
55.944743,-3.185953,NNW,55.945020,-3.186068,1881.94,2516.42
55.945020,-3.186068,SSE,55.944743,-3.185953,1881.94,2515.17
55.944743,-3.185953,NNW,55.945020,-3.186068,1881.94,2513.92
55.945020,-3.186068,SSE,55.944743,-3.185953,1881.94,2512.67
55.944743,-3.185953,NNW,55.945020,-3.186068,1881.94,2511.42
55.945020,-3.186068,SSE,55.944743,-3.185953,1881.94,2510.17
55.944743,-3.185953,NNW,55.945020,-3.186068,1881.94,2508.92
55.945020,-3.186068,SSE,55.944743,-3.185953,1881.94,2507.67
55.944743,-3.185953,NNW,55.945020,-3.186068,1881.94,2506.42
55.945020,-3.186068,SSE,55.944743,-3.185953,1881.94,2505.17
55.944743,-3.185953,NNW,55.945020,-3.186068,1881.94,2503.92
55.945020,-3.186068,SSE,55.944743,-3.185953,1881.94,2502.67
55.944743,-3.185953,NNW,55.945020,-3.186068,1881.94,2501.42
55.945020,-3.186068,SSE,55.944743,-3.185953,1881.94,2500.17
55.944743,-3.185953,NNW,55.945020,-3.186068,1881.94,2498.92
55.945020,-3.186068,SSE,55.944743,-3.185953,1881.94,2497.67
55.944743,-3.185953,NNW,55.945020,-3.186068,1881.94,2496.42
55.945020,-3.186068,SSE,55.944743,-3.185953,1881.94,2495.17
55.944743,-3.185953,NNW,55.945020,-3.186068,1881.94,2493.92
55.945020,-3.186068,SSE,55.944743,-3.185953,1881.94,2492.67
55.944743,-3.185953,NNW,55.945020,-3.186068,1881.94,2491.42
55.945020,-3.186068,SSE,55.944743,-3.185953,1881.94,2490.17
55.944743,-3.185953,NNW,55.945020,-3.186068,1881.94,2488.92
55.945020,-3.186068,SSE,55.944743,-3.185953,1881.94,2487.67
55.944743,-3.185953,NNW,55.945020,-3.186068,1881.94,2486.42
55.945020,-3.186068,SSE,55.944743,-3.185953,1881.94,2485.17
55.944743,-3.185953,NNW,55.945020,-3.186068,1881.94,2483.92
55.945020,-3.186068,SSE,55.944743,-3.185953,1881.94,2482.67
55.944743,-3.185953,NNW,55.945020,-3.186068,1881.94,2481.42
55.945020,-3.186068,SSE,55.944743,-3.185953,1881.94,2480.17
55.944743,-3.185953,NNW,55.945020,-3.186068,1881.94,2478.92
55.945020,-3.186068,SSE,55.944743,-3.185953,1881.94,2477.67
55.944743,-3.185953,NNW,55.945020,-3.186068,1881.94,2476.42
55.945020,-3.186068,SSE,55.944743,-3.185953,1881.94,2475.17
55.944743,-3.185953,NNW,55.945020,-3.186068,1881.94,2473.92
55.945020,-3.186068,SSE,55.944743,-3.185953,1881.94,2472.67
55.944743,-3.185953,NNW,55.945020,-3.186068,1881.94,2471.42
55.945020,-3.186068,SSE,55.944743,-3.185953,1881.94,2470.17
55.944743,-3.185953,NNW,55.945020,-3.186068,1881.94,2468.92
55.945020,-3.186068,SSE,55.944743,-3.185953,1881.94,2467.67
55.944743,-3.185953,NNW,55.945020,-3.186068,1881.94,2466.42
55.945020,-3.186068,SSE,55.944743,-3.185953,1881.94,2465.17
55.944743,-3.185953,NNW,55.945020,-3.186068,1881.94,2463.92
55.945020,-3.186068,SSE,55.944743,-3.185953,1881.94,2462.67
55.944743,-3.185953,NNW,55.945020,-3.186068,1881.94,2461.42
55.945020,-3.186068,SSE,55.944743,-3.185953,1881.94,2460.17
55.944743,-3.185953,NNW,55.945020,-3.186068,1881.94,2458.92
55.945020,-3.186068,SSE,55.944743,-3.185953,1881.94,2457.67
55.944743,-3.185953,NNW,55.945020,-3.186068,1881.94,2456.42
55.945020,-3.186068,SSE,55.944743,-3.185953,1881.94,2455.17
55.944743,-3.185953,NNW,55.945020,-3.186068,1881.94,2453.92
55.945020,-3.186068,SSE,55.944743,-3.185953,1881.94,2452.67
55.944743,-3.185953,NNW,55.945020,-3.186068,1881.94,2451.42
55.945020,-3.186068,SSE,55.944743,-3.185953,1881.94,2450.17
55.944743,-3.185953,NNW,55.945020,-3.186068,1881.94,2448.92
55.945020,-3.186068,SSE,55.944743,-3.185953,1881.94,2447.67
55.944743,-3.185953,NNW,55.945020,-3.186068,1881.94,2446.42
55.945020,-3.186068,SSE,55.944743,-3.185953,1881.94,2445.17
55.944743,-3.185953,NNW,55.945020,-3.186068,1881.94,2443.92
55.945020,-3.186068,SSE,55.944743,-3.185953,1881.94,2442.67
55.944743,-3.185953,NNW,55.945020,-3.186068,1881.94,2441.42
55.945020,-3.186068,SSE,55.944743,-3.185953,1881.94,2440.17
55.944743,-3.185953,NNW,55.945020,-3.186068,1881.94,2438.92
55.945020,-3.186068,SSE,55.944743,-3.185953,1881.94,2437.67
55.944743,-3.185953,NNW,55.945020,-3.186068,1881.94,2436.42
55.945020,-3.186068,SSE,55.944743,-3.185953,1881.94,2435.17
55.944743,-3.185953,NNW,55.945020,-3.186068,1881.94,2433.92
55.945020,-3.186068,SSE,55.944743,-3.185953,1881.94,2432.67
55.944743,-3.185953,NNW,55.945020,-3.186068,1881.94,2431.42
55.945020,-3.186068,SSE,55.944743,-3.185953,1881.94,2430.17
55.944743,-3.185953,NNW,55.945020,-3.186068,1881.94,2428.92
55.945020,-3.186068,SSE,55.944743,-3.185953,1881.94,2427.67
55.944743,-3.185953,NNW,55.945020,-3.186068,1881.94,2426.42
55.945020,-3.186068,SSE,55.944743,-3.185953,1881.94,2425.17
55.944743,-3.185953,NNW,55.945020,-3.186068,1881.94,2423.92
55.945020,-3.186068,SSE,55.944743,-3.185953,1881.94,2422.67
55.944743,-3.185953,NNW,55.945020,-3.186068,1881.94,2421.42
55.945020,-3.186068,SSE,55.944743,-3.185953,1881.94,2420.17
55.944743,-3.185953,NNW,55.945020,-3.186068,1881.94,2418.92
55.945020,-3.186068,SSE,55.944743,-3.185953,1881.94,2417.67
55.944743,-3.185953,NNW,55.945020,-3.186068,1881.94,2416.42
55.945020,-3.186068,SSE,55.944743,-3.185953,1881.94,2415.17
55.944743,-3.185953,NNW,55.945020,-3.186068,1881.94,2413.92
55.945020,-3.186068,SSE,55.944743,-3.185953,1881.94,2412.67
55.944743,-3.185953,NNW,55.945020,-3.186068,1881.94,2411.42
55.945020,-3.186068,SSE,55.944743,-3.185953,1881.94,2410.17
55.944743,-3.185953,NNW,55.945020,-3.186068,1881.94,2408.92
