55.945425,-3.191456,ESE,55.945310,-3.191179,78.17,365.59
55.945310,-3.191179,SE,55.945098,-3.190967,78.17,364.34
55.945098,-3.190967,SSE,55.944821,-3.190852,149.03,372.10
55.944821,-3.190852,E,55.944821,-3.190552,178.46,464.03
55.944821,-3.190552,ENE,55.944936,-3.190275,287.01,549.93
55.944936,-3.190275,ENE,55.945051,-3.189998,326.32,639.14
55.945051,-3.189998,SSW,55.944773,-3.190112,420.27,727.93
55.944773,-3.190112,SE,55.944561,-3.189900,456.05,741.11
55.944561,-3.189900,SW,55.944349,-3.190112,456.05,739.86
55.944349,-3.190112,WSW,55.944234,-3.190390,579.72,837.39
55.944234,-3.190390,S,55.943934,-3.190390,600.16,945.89
55.943934,-3.190390,ESE,55.943819,-3.190112,600.16,944.64
55.943819,-3.190112,ESE,55.943705,-3.189835,633.46,1050.07
55.943705,-3.189835,ESE,55.943590,-3.189558,633.46,1048.82
55.943590,-3.189558,SE,55.943378,-3.189346,730.43,1050.07
55.943378,-3.189346,NNE,55.943655,-3.189231,730.43,1048.82
55.943655,-3.189231,NE,55.943867,-3.189019,834.70,1094.73
55.943867,-3.189019,NNW,55.944144,-3.189134,834.70,1093.48
55.944144,-3.189134,NNW,55.944421,-3.189249,834.70,1092.23
55.944421,-3.189249,N,55.944721,-3.189249,955.49,1175.87
55.944721,-3.189249,N,55.945021,-3.189249,955.49,1174.62
55.945021,-3.189249,N,55.945321,-3.189249,991.75,1180.55
55.945321,-3.189249,E,55.945321,-3.188949,991.75,1179.30
55.945321,-3.188949,ENE,55.945436,-3.188671,1114.50,1200.61
55.945436,-3.188671,ENE,55.945551,-3.188394,1114.50,1199.36
55.945551,-3.188394,ENE,55.945666,-3.188117,1227.33,1207.44
55.945666,-3.188117,NW,55.945878,-3.188329,1227.33,1206.19
55.945878,-3.188329,NW,55.946090,-3.188541,1352.08,1223.84
55.946090,-3.188541,ESE,55.945975,-3.188264,1352.08,1222.59
55.945975,-3.188264,SE,55.945763,-3.188052,1352.08,1221.34
55.945763,-3.188052,SE,55.945551,-3.187840,1352.08,1220.09
55.945551,-3.187840,SE,55.945339,-3.187628,1352.08,1218.84
55.945339,-3.187628,SE,55.945127,-3.187416,1352.08,1217.59
55.945127,-3.187416,SE,55.944915,-3.187204,1413.59,1242.74
55.944915,-3.187204,S,55.944615,-3.187204,1413.59,1241.49
55.944615,-3.187204,S,55.944315,-3.187204,1425.67,1282.46
55.944315,-3.187204,SSW,55.944037,-3.187318,1425.67,1281.21
55.944037,-3.187318,SSW,55.943760,-3.187433,1425.67,1279.96
55.943760,-3.187433,SSW,55.943483,-3.187548,1523.47,1371.82
55.943483,-3.187548,SSW,55.943206,-3.187663,1523.47,1370.57
55.943206,-3.187663,S,55.942906,-3.187663,1581.07,1385.67
55.942906,-3.187663,ENE,55.943021,-3.187386,1581.07,1384.42
55.943021,-3.187386,ENE,55.943136,-3.187108,1581.07,1383.17
55.943136,-3.187108,ENE,55.943250,-3.186831,1581.07,1381.92
55.943250,-3.186831,ENE,55.943365,-3.186554,1606.10,1423.67
55.943365,-3.186554,ENE,55.943480,-3.186277,1606.10,1422.42
55.943480,-3.186277,ENE,55.943595,-3.186000,1606.10,1421.17
55.943595,-3.186000,ENE,55.943710,-3.185723,1606.10,1419.92
55.943710,-3.185723,NE,55.943922,-3.185510,1617.72,1462.65
55.943922,-3.185510,SE,55.943710,-3.185298,1634.73,1478.78
55.943710,-3.185298,N,55.944010,-3.185298,1634.73,1477.53
55.944010,-3.185298,NNE,55.944287,-3.185184,1707.27,1534.63
55.944287,-3.185184,ENE,55.944402,-3.184906,1778.23,1544.36
55.944402,-3.184906,NNW,55.944679,-3.185021,1818.78,1631.59
55.944679,-3.185021,NNW,55.944956,-3.185136,1818.78,1630.34
55.944956,-3.185136,WNW,55.945071,-3.185413,1914.97,1649.02
55.945071,-3.185413,NNE,55.945348,-3.185298,1914.97,1647.77
55.945348,-3.185298,NNE,55.945625,-3.185184,1914.97,1646.52
55.945625,-3.185184,NNE,55.945902,-3.185069,1964.74,1753.40
55.945902,-3.185069,ENE,55.946017,-3.184792,1964.74,1752.15
55.946017,-3.184792,E,55.946017,-3.184492,2014.09,1831.63
55.946017,-3.184492,WSW,55.945902,-3.184769,2014.09,1830.38
55.945902,-3.184769,W,55.945902,-3.185069,2014.09,1829.13
55.945902,-3.185069,W,55.945902,-3.185369,2014.09,1827.88
55.945902,-3.185369,W,55.945902,-3.185669,2014.09,1826.63
55.945902,-3.185669,WNW,55.946017,-3.185946,2014.09,1825.38
55.946017,-3.185946,WSW,55.945902,-3.186223,2014.09,1824.13
55.945902,-3.186223,SW,55.945690,-3.186435,2086.06,1922.60
55.945690,-3.186435,W,55.945690,-3.186735,2086.06,1921.35
55.945690,-3.186735,W,55.945690,-3.187035,2086.06,1920.10
55.945690,-3.187035,W,55.945690,-3.187335,2086.06,1918.85
55.945690,-3.187335,W,55.945690,-3.187635,2086.06,1917.60
55.945690,-3.187635,W,55.945690,-3.187935,2086.06,1916.35
55.945690,-3.187935,W,55.945690,-3.188235,2086.06,1915.10
55.945690,-3.188235,W,55.945690,-3.188535,2086.06,1913.85
55.945690,-3.188535,W,55.945690,-3.188835,2086.06,1912.60
55.945690,-3.188835,W,55.945690,-3.189135,2086.06,1911.35
55.945690,-3.189135,W,55.945690,-3.189435,2086.06,1910.10
55.945690,-3.189435,WSW,55.945575,-3.189712,2086.06,1908.85
55.945575,-3.189712,WSW,55.945460,-3.189990,2086.06,1907.60
55.945460,-3.189990,W,55.945460,-3.190290,2166.49,1991.41
55.945460,-3.190290,NW,55.945673,-3.190502,2166.49,1990.16
55.945673,-3.190502,WNW,55.945787,-3.190779,2166.49,1988.91
55.945787,-3.190779,NW,55.945999,-3.190991,2166.49,1987.66
55.945999,-3.190991,WNW,55.946114,-3.191268,2211.29,2089.26
55.946114,-3.191268,SSW,55.945837,-3.191383,2211.29,2088.01
55.945837,-3.191383,SSW,55.945560,-3.191498,2211.29,2086.76
55.945560,-3.191498,SSW,55.945283,-3.191613,2211.29,2085.51
55.945283,-3.191613,SSW,55.945006,-3.191727,2211.29,2084.26
55.945006,-3.191727,SSW,55.944728,-3.191842,2303.21,2111.00
55.944728,-3.191842,W,55.944728,-3.192142,2395.14,2193.19
55.944728,-3.192142,SSW,55.944451,-3.192257,2475.62,2275.70
55.944451,-3.192257,S,55.944151,-3.192257,2475.62,2274.45
55.944151,-3.192257,ESE,55.944036,-3.191980,2593.77,2287.20
55.944036,-3.191980,E,55.944036,-3.191680,2593.77,2285.95
55.944036,-3.191680,E,55.944036,-3.191380,2626.96,2329.01
55.944036,-3.191380,S,55.943736,-3.191380,2626.96,2327.76
55.943736,-3.191380,SSW,55.943459,-3.191495,2650.75,2404.38
55.943459,-3.191495,SE,55.943247,-3.191282,2650.75,2403.13
55.943247,-3.191282,ESE,55.943132,-3.191005,2697.80,2410.79
55.943132,-3.191005,WNW,55.943247,-3.191282,2697.80,2409.54
55.943247,-3.191282,ESE,55.943132,-3.191005,2697.80,2408.29
55.943132,-3.191005,WNW,55.943247,-3.191282,2697.80,2407.04
55.943247,-3.191282,ESE,55.943132,-3.191005,2697.80,2405.79
55.943132,-3.191005,WNW,55.943247,-3.191282,2697.80,2404.54
55.943247,-3.191282,ESE,55.943132,-3.191005,2697.80,2403.29
55.943132,-3.191005,WNW,55.943247,-3.191282,2697.80,2402.04
55.943247,-3.191282,ESE,55.943132,-3.191005,2697.80,2400.79
55.943132,-3.191005,WNW,55.943247,-3.191282,2697.80,2399.54
55.943247,-3.191282,ESE,55.943132,-3.191005,2697.80,2398.29
55.943132,-3.191005,WNW,55.943247,-3.191282,2697.80,2397.04
55.943247,-3.191282,ESE,55.943132,-3.191005,2697.80,2395.79
55.943132,-3.191005,WNW,55.943247,-3.191282,2697.80,2394.54
55.943247,-3.191282,ESE,55.943132,-3.191005,2697.80,2393.29
55.943132,-3.191005,WNW,55.943247,-3.191282,2697.80,2392.04
55.943247,-3.191282,ESE,55.943132,-3.191005,2697.80,2390.79
55.943132,-3.191005,WNW,55.943247,-3.191282,2697.80,2389.54
55.943247,-3.191282,ESE,55.943132,-3.191005,2697.80,2388.29
55.943132,-3.191005,WNW,55.943247,-3.191282,2697.80,2387.04
55.943247,-3.191282,ESE,55.943132,-3.191005,2697.80,2385.79
55.943132,-3.191005,WNW,55.943247,-3.191282,2697.80,2384.54
55.943247,-3.191282,ESE,55.943132,-3.191005,2697.80,2383.29
55.943132,-3.191005,WNW,55.943247,-3.191282,2697.80,2382.04
55.943247,-3.191282,ESE,55.943132,-3.191005,2697.80,2380.79
55.943132,-3.191005,WNW,55.943247,-3.191282,2697.80,2379.54
55.943247,-3.191282,ESE,55.943132,-3.191005,2697.80,2378.29
55.943132,-3.191005,WNW,55.943247,-3.191282,2697.80,2377.04
55.943247,-3.191282,ESE,55.943132,-3.191005,2697.80,2375.79
55.943132,-3.191005,WNW,55.943247,-3.191282,2697.80,2374.54
55.943247,-3.191282,ESE,55.943132,-3.191005,2697.80,2373.29
55.943132,-3.191005,WNW,55.943247,-3.191282,2697.80,2372.04
55.943247,-3.191282,ESE,55.943132,-3.191005,2697.80,2370.79
55.943132,-3.191005,WNW,55.943247,-3.191282,2697.80,2369.54
55.943247,-3.191282,ESE,55.943132,-3.191005,2697.80,2368.29
55.943132,-3.191005,WNW,55.943247,-3.191282,2697.80,2367.04
55.943247,-3.191282,ESE,55.943132,-3.191005,2697.80,2365.79
55.943132,-3.191005,WNW,55.943247,-3.191282,2697.80,2364.54
55.943247,-3.191282,ESE,55.943132,-3.191005,2697.80,2363.29
55.943132,-3.191005,WNW,55.943247,-3.191282,2697.80,2362.04
55.943247,-3.191282,ESE,55.943132,-3.191005,2697.80,2360.79
55.943132,-3.191005,WNW,55.943247,-3.191282,2697.80,2359.54
55.943247,-3.191282,ESE,55.943132,-3.191005,2697.80,2358.29
55.943132,-3.191005,WNW,55.943247,-3.191282,2697.80,2357.04
55.943247,-3.191282,ESE,55.943132,-3.191005,2697.80,2355.79
55.943132,-3.191005,WNW,55.943247,-3.191282,2697.80,2354.54
55.943247,-3.191282,ESE,55.943132,-3.191005,2697.80,2353.29
55.943132,-3.191005,WNW,55.943247,-3.191282,2697.80,2352.04
55.943247,-3.191282,ESE,55.943132,-3.191005,2697.80,2350.79
55.943132,-3.191005,WNW,55.943247,-3.191282,2697.80,2349.54
55.943247,-3.191282,ESE,55.943132,-3.191005,2697.80,2348.29
55.943132,-3.191005,WNW,55.943247,-3.191282,2697.80,2347.04
55.943247,-3.191282,ESE,55.943132,-3.191005,2697.80,2345.79
55.943132,-3.191005,WNW,55.943247,-3.191282,2697.80,2344.54
55.943247,-3.191282,ESE,55.943132,-3.191005,2697.80,2343.29
55.943132,-3.191005,WNW,55.943247,-3.191282,2697.80,2342.04
55.943247,-3.191282,ESE,55.943132,-3.191005,2697.80,2340.79
55.943132,-3.191005,WNW,55.943247,-3.191282,2697.80,2339.54
55.943247,-3.191282,ESE,55.943132,-3.191005,2697.80,2338.29
55.943132,-3.191005,WNW,55.943247,-3.191282,2697.80,2337.04
55.943247,-3.191282,ESE,55.943132,-3.191005,2697.80,2335.79
55.943132,-3.191005,WNW,55.943247,-3.191282,2697.80,2334.54
55.943247,-3.191282,ESE,55.943132,-3.191005,2697.80,2333.29
55.943132,-3.191005,WNW,55.943247,-3.191282,2697.80,2332.04
55.943247,-3.191282,ESE,55.943132,-3.191005,2697.80,2330.79
55.943132,-3.191005,WNW,55.943247,-3.191282,2697.80,2329.54
55.943247,-3.191282,ESE,55.943132,-3.191005,2697.80,2328.29
55.943132,-3.191005,WNW,55.943247,-3.191282,2697.80,2327.04
55.943247,-3.191282,ESE,55.943132,-3.191005,2697.80,2325.79
55.943132,-3.191005,WNW,55.943247,-3.191282,2697.80,2324.54
55.943247,-3.191282,ESE,55.943132,-3.191005,2697.80,2323.29
55.943132,-3.191005,WNW,55.943247,-3.191282,2697.80,2322.04
55.943247,-3.191282,ESE,55.943132,-3.191005,2697.80,2320.79
55.943132,-3.191005,WNW,55.943247,-3.191282,2697.80,2319.54
55.943247,-3.191282,ESE,55.943132,-3.191005,2697.80,2318.29
55.943132,-3.191005,WNW,55.943247,-3.191282,2697.80,2317.04
55.943247,-3.191282,ESE,55.943132,-3.191005,2697.80,2315.79
55.943132,-3.191005,WNW,55.943247,-3.191282,2697.80,2314.54
55.943247,-3.191282,ESE,55.943132,-3.191005,2697.80,2313.29
55.943132,-3.191005,WNW,55.943247,-3.191282,2697.80,2312.04
55.943247,-3.191282,ESE,55.943132,-3.191005,2697.80,2310.79
55.943132,-3.191005,WNW,55.943247,-3.191282,2697.80,2309.54
55.943247,-3.191282,ESE,55.943132,-3.191005,2697.80,2308.29
55.943132,-3.191005,WNW,55.943247,-3.191282,2697.80,2307.04
55.943247,-3.191282,ESE,55.943132,-3.191005,2697.80,2305.79
55.943132,-3.191005,WNW,55.943247,-3.191282,2697.80,2304.54
55.943247,-3.191282,ESE,55.943132,-3.191005,2697.80,2303.29
55.943132,-3.191005,WNW,55.943247,-3.191282,2697.80,2302.04
55.943247,-3.191282,ESE,55.943132,-3.191005,2697.80,2300.79
55.943132,-3.191005,WNW,55.943247,-3.191282,2697.80,2299.54
55.943247,-3.191282,ESE,55.943132,-3.191005,2697.80,2298.29
55.943132,-3.191005,WNW,55.943247,-3.191282,2697.80,2297.04
55.943247,-3.191282,ESE,55.943132,-3.191005,2697.80,2295.79
55.943132,-3.191005,WNW,55.943247,-3.191282,2697.80,2294.54
55.943247,-3.191282,ESE,55.943132,-3.191005,2697.80,2293.29
55.943132,-3.191005,WNW,55.943247,-3.191282,2697.80,2292.04
55.943247,-3.191282,ESE,55.943132,-3.191005,2697.80,2290.79
55.943132,-3.191005,WNW,55.943247,-3.191282,2697.80,2289.54
55.943247,-3.191282,ESE,55.943132,-3.191005,2697.80,2288.29
55.943132,-3.191005,WNW,55.943247,-3.191282,2697.80,2287.04
55.943247,-3.191282,ESE,55.943132,-3.191005,2697.80,2285.79
55.943132,-3.191005,WNW,55.943247,-3.191282,2697.80,2284.54
55.943247,-3.191282,ESE,55.943132,-3.191005,2697.80,2283.29
55.943132,-3.191005,WNW,55.943247,-3.191282,2697.80,2282.04
55.943247,-3.191282,ESE,55.943132,-3.191005,2697.80,2280.79
55.943132,-3.191005,WNW,55.943247,-3.191282,2697.80,2279.54
55.943247,-3.191282,ESE,55.943132,-3.191005,2697.80,2278.29
55.943132,-3.191005,WNW,55.943247,-3.191282,2697.80,2277.04
55.943247,-3.191282,ESE,55.943132,-3.191005,2697.80,2275.79
55.943132,-3.191005,WNW,55.943247,-3.191282,2697.80,2274.54
55.943247,-3.191282,ESE,55.943132,-3.191005,2697.80,2273.29
55.943132,-3.191005,WNW,55.943247,-3.191282,2697.80,2272.04
55.943247,-3.191282,ESE,55.943132,-3.191005,2697.80,2270.79
55.943132,-3.191005,WNW,55.943247,-3.191282,2697.80,2269.54
55.943247,-3.191282,ESE,55.943132,-3.191005,2697.80,2268.29
55.943132,-3.191005,WNW,55.943247,-3.191282,2697.80,2267.04
55.943247,-3.191282,ESE,55.943132,-3.191005,2697.80,2265.79
55.943132,-3.191005,WNW,55.943247,-3.191282,2697.80,2264.54
55.943247,-3.191282,ESE,55.943132,-3.191005,2697.80,2263.29
55.943132,-3.191005,WNW,55.943247,-3.191282,2697.80,2262.04
55.943247,-3.191282,ESE,55.943132,-3.191005,2697.80,2260.79
55.943132,-3.191005,WNW,55.943247,-3.191282,2697.80,2259.54
55.943247,-3.191282,ESE,55.943132,-3.191005,2697.80,2258.29
55.943132,-3.191005,WNW,55.943247,-3.191282,2697.80,2257.04
55.943247,-3.191282,ESE,55.943132,-3.191005,2697.80,2255.79
55.943132,-3.191005,WNW,55.943247,-3.191282,2697.80,2254.54
55.943247,-3.191282,ESE,55.943132,-3.191005,2697.80,2253.29
55.943132,-3.191005,WNW,55.943247,-3.191282,2697.80,2252.04
55.943247,-3.191282,ESE,55.943132,-3.191005,2697.80,2250.79
55.943132,-3.191005,WNW,55.943247,-3.191282,2697.80,2249.54
55.943247,-3.191282,ESE,55.943132,-3.191005,2697.80,2248.29
55.943132,-3.191005,WNW,55.943247,-3.191282,2697.80,2247.04
55.943247,-3.191282,ESE,55.943132,-3.191005,2697.80,2245.79
55.943132,-3.191005,WNW,55.943247,-3.191282,2697.80,2244.54
55.943247,-3.191282,ESE,55.943132,-3.191005,2697.80,2243.29
55.943132,-3.191005,WNW,55.943247,-3.191282,2697.80,2242.04
55.943247,-3.191282,ESE,55.943132,-3.191005,2697.80,2240.79
55.943132,-3.191005,WNW,55.943247,-3.191282,2697.80,2239.54
55.943247,-3.191282,ESE,55.943132,-3.191005,2697.80,2238.29
55.943132,-3.191005,WNW,55.943247,-3.191282,2697.80,2237.04
55.943247,-3.191282,ESE,55.943132,-3.191005,2697.80,2235.79
55.943132,-3.191005,WNW,55.943247,-3.191282,2697.80,2234.54
55.943247,-3.191282,ESE,55.943132,-3.191005,2697.80,2233.29
55.943132,-3.191005,WNW,55.943247,-3.191282,2697.80,2232.04
55.943247,-3.191282,ESE,55.943132,-3.191005,2697.80,2230.79
55.943132,-3.191005,WNW,55.943247,-3.191282,2697.80,2229.54
55.943247,-3.191282,ESE,55.943132,-3.191005,2697.80,2228.29
55.943132,-3.191005,WNW,55.943247,-3.191282,2697.80,2227.04
55.943247,-3.191282,ESE,55.943132,-3.191005,2697.80,2225.79
55.943132,-3.191005,WNW,55.943247,-3.191282,2697.80,2224.54
55.943247,-3.191282,ESE,55.943132,-3.191005,2697.80,2223.29
