55.945425,-3.189456,WNW,55.945540,-3.189733,22.91,317.01
55.945540,-3.189733,SSE,55.945263,-3.189618,117.20,383.30
55.945263,-3.189618,S,55.944963,-3.189618,129.48,425.74
55.944963,-3.189618,W,55.944963,-3.189918,190.32,525.87
55.944963,-3.189918,S,55.944663,-3.189918,279.44,556.41
55.944663,-3.189918,SW,55.944451,-3.190130,279.44,555.16
55.944451,-3.190130,WSW,55.944336,-3.190408,357.49,640.47
55.944336,-3.190408,W,55.944336,-3.190708,478.74,642.82
55.944336,-3.190708,S,55.944036,-3.190708,478.74,641.57
55.944036,-3.190708,S,55.943736,-3.190708,478.74,640.32
55.943736,-3.190708,SSW,55.943459,-3.190822,579.32,666.89
55.943459,-3.190822,E,55.943459,-3.190522,667.15,751.38
55.943459,-3.190522,NE,55.943671,-3.190310,667.15,750.13
55.943671,-3.190310,ENE,55.943785,-3.190033,693.37,825.17
55.943785,-3.190033,SSE,55.943508,-3.189918,693.37,823.92
55.943508,-3.189918,S,55.943208,-3.189918,693.37,822.67
55.943208,-3.189918,SSE,55.942931,-3.189804,734.34,871.94
55.942931,-3.189804,E,55.942931,-3.189504,734.34,870.69
55.942931,-3.189504,ESE,55.942816,-3.189226,787.38,955.44
55.942816,-3.189226,NE,55.943028,-3.189014,787.38,954.19
55.943028,-3.189014,ENE,55.943143,-3.188737,787.38,952.94
55.943143,-3.188737,NE,55.943355,-3.188525,866.34,1028.76
55.943355,-3.188525,NE,55.943568,-3.188313,866.34,1027.51
55.943568,-3.188313,NE,55.943780,-3.188101,866.34,1026.26
55.943780,-3.188101,NE,55.943992,-3.187889,877.95,1122.94
55.943992,-3.187889,SE,55.943780,-3.187676,877.95,1121.69
55.943780,-3.187676,SSE,55.943503,-3.187562,877.95,1120.44
55.943503,-3.187562,SE,55.943290,-3.187349,938.28,1128.87
55.943290,-3.187349,NE,55.943503,-3.187137,938.28,1127.62
55.943503,-3.187137,NE,55.943715,-3.186925,938.28,1126.37
55.943715,-3.186925,NE,55.943927,-3.186713,961.56,1170.89
55.943927,-3.186713,ENE,55.944042,-3.186436,961.56,1169.64
55.944042,-3.186436,NNE,55.944319,-3.186321,961.56,1168.39
55.944319,-3.186321,NNE,55.944596,-3.186206,1079.54,1178.83
55.944596,-3.186206,SE,55.944384,-3.185994,1120.47,1195.10
55.944384,-3.185994,SE,55.944172,-3.185782,1120.47,1193.85
55.944172,-3.185782,SE,55.943960,-3.185570,1120.47,1192.60
55.943960,-3.185570,SE,55.943747,-3.185358,1189.87,1312.80
55.943747,-3.185358,ESE,55.943633,-3.185081,1189.87,1311.55
55.943633,-3.185081,SE,55.943420,-3.184869,1189.87,1310.30
55.943420,-3.184869,ESE,55.943306,-3.184591,1189.87,1309.05
55.943306,-3.184591,NE,55.943518,-3.184379,1194.81,1368.42
55.943518,-3.184379,SSW,55.943241,-3.184494,1194.81,1367.17
55.943241,-3.184494,SSW,55.942963,-3.184609,1194.81,1365.92
55.942963,-3.184609,S,55.942663,-3.184609,1277.62,1473.73
55.942663,-3.184609,NNE,55.942941,-3.184494,1277.62,1472.48
55.942941,-3.184494,N,55.943241,-3.184494,1277.62,1471.23
55.943241,-3.184494,NNE,55.943518,-3.184379,1277.62,1469.98
55.943518,-3.184379,N,55.943818,-3.184379,1277.62,1468.73
55.943818,-3.184379,S,55.943518,-3.184379,1277.62,1467.48
55.943518,-3.184379,SW,55.943306,-3.184591,1277.62,1466.23
55.943306,-3.184591,NE,55.943518,-3.184379,1277.62,1464.98
55.943518,-3.184379,N,55.943818,-3.184379,1277.62,1463.73
55.943818,-3.184379,S,55.943518,-3.184379,1277.62,1462.48
55.943518,-3.184379,SW,55.943306,-3.184591,1277.62,1461.23
55.943306,-3.184591,WNW,55.943420,-3.184869,1277.62,1459.98
55.943420,-3.184869,N,55.943720,-3.184869,1277.62,1458.73
55.943720,-3.184869,NW,55.943933,-3.185081,1277.62,1457.48
55.943933,-3.185081,N,55.944233,-3.185081,1277.62,1456.23
55.944233,-3.185081,N,55.944533,-3.185081,1277.62,1454.98
55.944533,-3.185081,N,55.944833,-3.185081,1277.62,1453.73
55.944833,-3.185081,N,55.945133,-3.185081,1377.64,1497.48
55.945133,-3.185081,WNW,55.945247,-3.185358,1377.64,1496.23
55.945247,-3.185358,WNW,55.945362,-3.185635,1390.81,1589.74
55.945362,-3.185635,SE,55.945150,-3.185423,1390.81,1588.49
55.945150,-3.185423,ESE,55.945035,-3.185146,1390.81,1587.24
55.945035,-3.185146,ESE,55.944920,-3.184869,1390.81,1585.99
55.944920,-3.184869,ESE,55.944806,-3.184591,1501.08,1617.22
55.944806,-3.184591,N,55.945106,-3.184591,1501.08,1615.97
55.945106,-3.184591,N,55.945406,-3.184591,1501.08,1614.72
55.945406,-3.184591,N,55.945706,-3.184591,1604.87,1711.79
55.945706,-3.184591,W,55.945706,-3.184891,1604.87,1710.54
55.945706,-3.184891,W,55.945706,-3.185191,1604.87,1709.29
55.945706,-3.185191,W,55.945706,-3.185491,1604.87,1708.04
55.945706,-3.185491,W,55.945706,-3.185791,1604.87,1706.79
55.945706,-3.185791,WNW,55.945820,-3.186069,1604.87,1705.54
55.945820,-3.186069,W,55.945820,-3.186369,1604.87,1704.29
55.945820,-3.186369,WNW,55.945935,-3.186646,1604.87,1703.04
55.945935,-3.186646,W,55.945935,-3.186946,1627.99,1762.39
55.945935,-3.186946,W,55.945935,-3.187246,1627.99,1761.14
55.945935,-3.187246,W,55.945935,-3.187546,1627.99,1759.89
55.945935,-3.187546,W,55.945935,-3.187846,1627.99,1758.64
55.945935,-3.187846,W,55.945935,-3.188146,1627.99,1757.39
55.945935,-3.188146,W,55.945935,-3.188446,1627.99,1756.14
55.945935,-3.188446,WSW,55.945820,-3.188723,1627.99,1754.89
55.945820,-3.188723,W,55.945820,-3.189023,1712.80,1856.22
55.945820,-3.189023,S,55.945520,-3.189023,1832.73,1862.86
55.945520,-3.189023,S,55.945220,-3.189023,1832.73,1861.61
55.945220,-3.189023,S,55.944920,-3.189023,1832.73,1860.36
55.944920,-3.189023,S,55.944620,-3.189023,1840.46,1871.73
55.944620,-3.189023,NW,55.944833,-3.189235,1840.46,1870.48
55.944833,-3.189235,WNW,55.944947,-3.189512,1840.46,1869.23
55.944947,-3.189512,W,55.944947,-3.189812,1840.46,1867.98
55.944947,-3.189812,WNW,55.945062,-3.190089,1840.46,1866.73
55.945062,-3.190089,W,55.945062,-3.190389,1840.46,1865.48
55.945062,-3.190389,WNW,55.945177,-3.190666,1840.46,1864.23
55.945177,-3.190666,W,55.945177,-3.190966,1840.46,1862.98
55.945177,-3.190966,WNW,55.945292,-3.191244,1840.46,1861.73
55.945292,-3.191244,W,55.945292,-3.191544,1874.77,1874.39
55.945292,-3.191544,NW,55.945504,-3.191756,1874.77,1873.14
55.945504,-3.191756,NNW,55.945781,-3.191871,1943.04,1923.90
55.945781,-3.191871,NNE,55.946058,-3.191756,1984.69,1964.14
55.946058,-3.191756,W,55.946058,-3.192056,2031.61,1967.19
55.946058,-3.192056,SSW,55.945781,-3.192171,2031.61,1965.94
55.945781,-3.192171,SSW,55.945504,-3.192285,2031.61,1964.69
55.945504,-3.192285,SSW,55.945227,-3.192400,2031.61,1963.44
55.945227,-3.192400,S,55.944927,-3.192400,2136.60,1990.49
55.944927,-3.192400,N,55.945227,-3.192400,2136.60,1989.24
55.945227,-3.192400,S,55.944927,-3.192400,2136.60,1987.99
55.944927,-3.192400,N,55.945227,-3.192400,2136.60,1986.74
55.945227,-3.192400,S,55.944927,-3.192400,2136.60,1985.49
55.944927,-3.192400,N,55.945227,-3.192400,2136.60,1984.24
55.945227,-3.192400,S,55.944927,-3.192400,2136.60,1982.99
55.944927,-3.192400,N,55.945227,-3.192400,2136.60,1981.74
55.945227,-3.192400,S,55.944927,-3.192400,2136.60,1980.49
55.944927,-3.192400,N,55.945227,-3.192400,2136.60,1979.24
55.945227,-3.192400,S,55.944927,-3.192400,2136.60,1977.99
55.944927,-3.192400,N,55.945227,-3.192400,2136.60,1976.74
55.945227,-3.192400,S,55.944927,-3.192400,2136.60,1975.49
55.944927,-3.192400,N,55.945227,-3.192400,2136.60,1974.24
55.945227,-3.192400,S,55.944927,-3.192400,2136.60,1972.99
55.944927,-3.192400,N,55.945227,-3.192400,2136.60,1971.74
55.945227,-3.192400,S,55.944927,-3.192400,2136.60,1970.49
55.944927,-3.192400,N,55.945227,-3.192400,2136.60,1969.24
55.945227,-3.192400,S,55.944927,-3.192400,2136.60,1967.99
55.944927,-3.192400,N,55.945227,-3.192400,2136.60,1966.74
55.945227,-3.192400,S,55.944927,-3.192400,2136.60,1965.49
55.944927,-3.192400,N,55.945227,-3.192400,2136.60,1964.24
55.945227,-3.192400,S,55.944927,-3.192400,2136.60,1962.99
55.944927,-3.192400,N,55.945227,-3.192400,2136.60,1961.74
55.945227,-3.192400,S,55.944927,-3.192400,2136.60,1960.49
55.944927,-3.192400,N,55.945227,-3.192400,2136.60,1959.24
55.945227,-3.192400,S,55.944927,-3.192400,2136.60,1957.99
55.944927,-3.192400,N,55.945227,-3.192400,2136.60,1956.74
55.945227,-3.192400,S,55.944927,-3.192400,2136.60,1955.49
55.944927,-3.192400,N,55.945227,-3.192400,2136.60,1954.24
55.945227,-3.192400,S,55.944927,-3.192400,2136.60,1952.99
55.944927,-3.192400,N,55.945227,-3.192400,2136.60,1951.74
55.945227,-3.192400,S,55.944927,-3.192400,2136.60,1950.49
55.944927,-3.192400,N,55.945227,-3.192400,2136.60,1949.24
55.945227,-3.192400,S,55.944927,-3.192400,2136.60,1947.99
55.944927,-3.192400,N,55.945227,-3.192400,2136.60,1946.74
55.945227,-3.192400,S,55.944927,-3.192400,2136.60,1945.49
55.944927,-3.192400,N,55.945227,-3.192400,2136.60,1944.24
55.945227,-3.192400,S,55.944927,-3.192400,2136.60,1942.99
55.944927,-3.192400,N,55.945227,-3.192400,2136.60,1941.74
55.945227,-3.192400,S,55.944927,-3.192400,2136.60,1940.49
55.944927,-3.192400,N,55.945227,-3.192400,2136.60,1939.24
55.945227,-3.192400,S,55.944927,-3.192400,2136.60,1937.99
55.944927,-3.192400,N,55.945227,-3.192400,2136.60,1936.74
55.945227,-3.192400,S,55.944927,-3.192400,2136.60,1935.49
55.944927,-3.192400,N,55.945227,-3.192400,2136.60,1934.24
55.945227,-3.192400,S,55.944927,-3.192400,2136.60,1932.99
55.944927,-3.192400,N,55.945227,-3.192400,2136.60,1931.74
55.945227,-3.192400,S,55.944927,-3.192400,2136.60,1930.49
55.944927,-3.192400,N,55.945227,-3.192400,2136.60,1929.24
55.945227,-3.192400,S,55.944927,-3.192400,2136.60,1927.99
55.944927,-3.192400,N,55.945227,-3.192400,2136.60,1926.74
55.945227,-3.192400,S,55.944927,-3.192400,2136.60,1925.49
55.944927,-3.192400,N,55.945227,-3.192400,2136.60,1924.24
55.945227,-3.192400,S,55.944927,-3.192400,2136.60,1922.99
55.944927,-3.192400,N,55.945227,-3.192400,2136.60,1921.74
55.945227,-3.192400,S,55.944927,-3.192400,2136.60,1920.49
55.944927,-3.192400,N,55.945227,-3.192400,2136.60,1919.24
55.945227,-3.192400,S,55.944927,-3.192400,2136.60,1917.99
55.944927,-3.192400,N,55.945227,-3.192400,2136.60,1916.74
55.945227,-3.192400,S,55.944927,-3.192400,2136.60,1915.49
55.944927,-3.192400,N,55.945227,-3.192400,2136.60,1914.24
55.945227,-3.192400,S,55.944927,-3.192400,2136.60,1912.99
55.944927,-3.192400,N,55.945227,-3.192400,2136.60,1911.74
55.945227,-3.192400,S,55.944927,-3.192400,2136.60,1910.49
55.944927,-3.192400,N,55.945227,-3.192400,2136.60,1909.24
55.945227,-3.192400,S,55.944927,-3.192400,2136.60,1907.99
55.944927,-3.192400,N,55.945227,-3.192400,2136.60,1906.74
55.945227,-3.192400,S,55.944927,-3.192400,2136.60,1905.49
55.944927,-3.192400,N,55.945227,-3.192400,2136.60,1904.24
55.945227,-3.192400,S,55.944927,-3.192400,2136.60,1902.99
55.944927,-3.192400,N,55.945227,-3.192400,2136.60,1901.74
55.945227,-3.192400,S,55.944927,-3.192400,2136.60,1900.49
55.944927,-3.192400,N,55.945227,-3.192400,2136.60,1899.24
55.945227,-3.192400,S,55.944927,-3.192400,2136.60,1897.99
55.944927,-3.192400,N,55.945227,-3.192400,2136.60,1896.74
55.945227,-3.192400,S,55.944927,-3.192400,2136.60,1895.49
55.944927,-3.192400,N,55.945227,-3.192400,2136.60,1894.24
55.945227,-3.192400,S,55.944927,-3.192400,2136.60,1892.99
55.944927,-3.192400,N,55.945227,-3.192400,2136.60,1891.74
55.945227,-3.192400,S,55.944927,-3.192400,2136.60,1890.49
55.944927,-3.192400,N,55.945227,-3.192400,2136.60,1889.24
55.945227,-3.192400,S,55.944927,-3.192400,2136.60,1887.99
55.944927,-3.192400,N,55.945227,-3.192400,2136.60,1886.74
55.945227,-3.192400,S,55.944927,-3.192400,2136.60,1885.49
55.944927,-3.192400,N,55.945227,-3.192400,2136.60,1884.24
55.945227,-3.192400,S,55.944927,-3.192400,2136.60,1882.99
55.944927,-3.192400,N,55.945227,-3.192400,2136.60,1881.74
55.945227,-3.192400,S,55.944927,-3.192400,2136.60,1880.49
55.944927,-3.192400,N,55.945227,-3.192400,2136.60,1879.24
55.945227,-3.192400,S,55.944927,-3.192400,2136.60,1877.99
55.944927,-3.192400,N,55.945227,-3.192400,2136.60,1876.74
55.945227,-3.192400,S,55.944927,-3.192400,2136.60,1875.49
55.944927,-3.192400,N,55.945227,-3.192400,2136.60,1874.24
55.945227,-3.192400,S,55.944927,-3.192400,2136.60,1872.99
55.944927,-3.192400,N,55.945227,-3.192400,2136.60,1871.74
55.945227,-3.192400,S,55.944927,-3.192400,2136.60,1870.49
55.944927,-3.192400,N,55.945227,-3.192400,2136.60,1869.24
55.945227,-3.192400,S,55.944927,-3.192400,2136.60,1867.99
55.944927,-3.192400,N,55.945227,-3.192400,2136.60,1866.74
55.945227,-3.192400,S,55.944927,-3.192400,2136.60,1865.49
55.944927,-3.192400,N,55.945227,-3.192400,2136.60,1864.24
55.945227,-3.192400,S,55.944927,-3.192400,2136.60,1862.99
55.944927,-3.192400,N,55.945227,-3.192400,2136.60,1861.74
55.945227,-3.192400,S,55.944927,-3.192400,2136.60,1860.49
55.944927,-3.192400,N,55.945227,-3.192400,2136.60,1859.24
55.945227,-3.192400,S,55.944927,-3.192400,2136.60,1857.99
55.944927,-3.192400,N,55.945227,-3.192400,2136.60,1856.74
55.945227,-3.192400,S,55.944927,-3.192400,2136.60,1855.49
55.944927,-3.192400,N,55.945227,-3.192400,2136.60,1854.24
55.945227,-3.192400,S,55.944927,-3.192400,2136.60,1852.99
55.944927,-3.192400,N,55.945227,-3.192400,2136.60,1851.74
55.945227,-3.192400,S,55.944927,-3.192400,2136.60,1850.49
55.944927,-3.192400,N,55.945227,-3.192400,2136.60,1849.24
55.945227,-3.192400,S,55.944927,-3.192400,2136.60,1847.99
55.944927,-3.192400,N,55.945227,-3.192400,2136.60,1846.74
55.945227,-3.192400,S,55.944927,-3.192400,2136.60,1845.49
55.944927,-3.192400,N,55.945227,-3.192400,2136.60,1844.24
55.945227,-3.192400,S,55.944927,-3.192400,2136.60,1842.99
55.944927,-3.192400,N,55.945227,-3.192400,2136.60,1841.74
55.945227,-3.192400,S,55.944927,-3.192400,2136.60,1840.49
55.944927,-3.192400,N,55.945227,-3.192400,2136.60,1839.24
55.945227,-3.192400,S,55.944927,-3.192400,2136.60,1837.99
55.944927,-3.192400,N,55.945227,-3.192400,2136.60,1836.74
55.945227,-3.192400,S,55.944927,-3.192400,2136.60,1835.49
55.944927,-3.192400,N,55.945227,-3.192400,2136.60,1834.24
55.945227,-3.192400,S,55.944927,-3.192400,2136.60,1832.99
55.944927,-3.192400,N,55.945227,-3.192400,2136.60,1831.74
55.945227,-3.192400,S,55.944927,-3.192400,2136.60,1830.49
55.944927,-3.192400,N,55.945227,-3.192400,2136.60,1829.24
55.945227,-3.192400,S,55.944927,-3.192400,2136.60,1827.99
55.944927,-3.192400,N,55.945227,-3.192400,2136.60,1826.74
55.945227,-3.192400,S,55.944927,-3.192400,2136.60,1825.49
55.944927,-3.192400,N,55.945227,-3.192400,2136.60,1824.24
55.945227,-3.192400,S,55.944927,-3.192400,2136.60,1822.99
55.944927,-3.192400,N,55.945227,-3.192400,2136.60,1821.74
55.945227,-3.192400,S,55.944927,-3.192400,2136.60,1820.49
55.944927,-3.192400,N,55.945227,-3.192400,2136.60,1819.24
55.945227,-3.192400,S,55.944927,-3.192400,2136.60,1817.99
55.944927,-3.192400,N,55.945227,-3.192400,2136.60,1816.74
55.945227,-3.192400,S,55.944927,-3.192400,2136.60,1815.49
55.944927,-3.192400,N,55.945227,-3.192400,2136.60,1814.24
55.945227,-3.192400,S,55.944927,-3.192400,2136.60,1812.99
55.944927,-3.192400,N,55.945227,-3.192400,2136.60,1811.74
