55.945425,-3.189456,N,55.945725,-3.189456,41.51,286.94
55.945725,-3.189456,ENE,55.945840,-3.189179,87.06,286.59
55.945840,-3.189179,SE,55.945628,-3.188967,120.38,309.92
55.945628,-3.188967,S,55.945328,-3.188967,120.38,308.67
55.945328,-3.188967,S,55.945028,-3.188967,120.38,307.42
55.945028,-3.188967,S,55.944728,-3.188967,150.98,390.73
55.944728,-3.188967,ENE,55.944842,-3.188690,150.98,389.48
55.944842,-3.188690,NE,55.945055,-3.188477,150.98,388.23
55.945055,-3.188477,ESE,55.944940,-3.188200,257.78,460.36
55.944940,-3.188200,E,55.944940,-3.187900,257.78,459.11
55.944940,-3.187900,ENE,55.945055,-3.187623,277.54,522.08
55.945055,-3.187623,S,55.944755,-3.187623,277.54,520.83
55.944755,-3.187623,S,55.944455,-3.187623,277.54,519.58
55.944455,-3.187623,SSE,55.944177,-3.187508,304.53,561.96
55.944177,-3.187508,E,55.944177,-3.187208,304.53,560.71
55.944177,-3.187208,E,55.944177,-3.186908,304.53,559.46
55.944177,-3.186908,ESE,55.944063,-3.186631,400.52,681.08
55.944063,-3.186631,SE,55.943851,-3.186419,455.05,787.99
55.943851,-3.186419,ENE,55.943965,-3.186142,455.05,786.74
55.943965,-3.186142,ENE,55.944080,-3.185865,552.10,905.06
55.944080,-3.185865,N,55.944380,-3.185865,588.04,962.35
55.944380,-3.185865,N,55.944680,-3.185865,672.07,994.88
55.944680,-3.185865,NNW,55.944957,-3.185979,672.07,993.63
55.944957,-3.185979,NNW,55.945234,-3.186094,672.07,992.38
55.945234,-3.186094,NW,55.945447,-3.186306,672.07,991.13
55.945447,-3.186306,NNW,55.945724,-3.186421,726.46,1075.69
55.945724,-3.186421,NW,55.945936,-3.186633,769.20,1146.09
55.945936,-3.186633,SSW,55.945659,-3.186748,769.20,1144.84
55.945659,-3.186748,SE,55.945447,-3.186536,769.20,1143.59
55.945447,-3.186536,E,55.945447,-3.186236,769.20,1142.34
55.945447,-3.186236,NE,55.945659,-3.186024,769.20,1141.09
55.945659,-3.186024,NE,55.945871,-3.185812,876.70,1236.91
55.945871,-3.185812,SE,55.945659,-3.185600,876.70,1235.66
55.945659,-3.185600,SE,55.945447,-3.185387,876.70,1234.41
55.945447,-3.185387,SE,55.945234,-3.185175,876.70,1233.16
55.945234,-3.185175,SSE,55.944957,-3.185061,876.70,1231.91
55.944957,-3.185061,SSE,55.944680,-3.184946,876.70,1230.66
55.944680,-3.184946,SE,55.944468,-3.184734,983.46,1299.57
55.944468,-3.184734,SW,55.944256,-3.184946,983.46,1298.32
55.944256,-3.184946,SW,55.944044,-3.185158,983.46,1297.07
55.944044,-3.185158,SW,55.943832,-3.185370,983.46,1295.82
55.943832,-3.185370,SW,55.943619,-3.185582,996.04,1402.85
55.943619,-3.185582,WNW,55.943734,-3.185859,996.04,1401.60
55.943734,-3.185859,WSW,55.943619,-3.186136,996.04,1400.35
55.943619,-3.186136,SW,55.943407,-3.186349,996.04,1399.10
55.943407,-3.186349,WSW,55.943293,-3.186626,996.04,1397.85
55.943293,-3.186626,W,55.943293,-3.186926,996.04,1396.60
55.943293,-3.186926,WSW,55.943178,-3.187203,996.04,1395.35
55.943178,-3.187203,SW,55.942966,-3.187415,996.04,1394.10
55.942966,-3.187415,WSW,55.942851,-3.187692,996.04,1392.85
55.942851,-3.187692,W,55.942851,-3.187992,996.04,1391.60
55.942851,-3.187992,W,55.942851,-3.188292,996.04,1390.35
55.942851,-3.188292,W,55.942851,-3.188592,996.04,1389.10
55.942851,-3.188592,W,55.942851,-3.188892,996.04,1387.85
55.942851,-3.188892,W,55.942851,-3.189192,1103.23,1434.49
55.942851,-3.189192,NW,55.943063,-3.189404,1103.23,1433.24
55.943063,-3.189404,SSW,55.942786,-3.189519,1178.57,1540.44
55.942786,-3.189519,WNW,55.942901,-3.189796,1293.01,1618.63
55.942901,-3.189796,NW,55.943113,-3.190008,1358.76,1623.07
55.943113,-3.190008,SW,55.942901,-3.190221,1358.76,1621.82
55.942901,-3.190221,NNW,55.943178,-3.190335,1397.23,1709.18
55.943178,-3.190335,WSW,55.943063,-3.190613,1397.23,1707.93
55.943063,-3.190613,SW,55.942851,-3.190825,1491.66,1739.32
55.942851,-3.190825,WNW,55.942966,-3.191102,1491.66,1738.07
55.942966,-3.191102,WNW,55.943080,-3.191379,1491.66,1736.82
55.943080,-3.191379,WNW,55.943195,-3.191656,1491.84,1837.87
55.943195,-3.191656,NNE,55.943472,-3.191541,1491.84,1836.62
55.943472,-3.191541,NNW,55.943750,-3.191656,1491.84,1835.37
55.943750,-3.191656,WNW,55.943864,-3.191933,1491.84,1834.12
55.943864,-3.191933,WNW,55.943979,-3.192210,1551.87,1948.92
55.943979,-3.192210,NNE,55.944256,-3.192096,1551.87,1947.67
55.944256,-3.192096,E,55.944256,-3.191796,1551.87,1946.42
55.944256,-3.191796,NNE,55.944533,-3.191681,1551.87,1945.17
55.944533,-3.191681,NW,55.944746,-3.191893,1551.87,1943.92
55.944746,-3.191893,WNW,55.944860,-3.192170,1551.87,1942.67
55.944860,-3.192170,NW,55.945073,-3.192382,1609.80,2047.73
55.945073,-3.192382,NNE,55.945350,-3.192268,1647.39,2073.42
55.945350,-3.192268,ENE,55.945464,-3.191990,1647.39,2072.17
55.945464,-3.191990,ENE,55.945579,-3.191713,1647.39,2070.92
55.945579,-3.191713,NNE,55.945856,-3.191598,1647.39,2069.67
55.945856,-3.191598,ENE,55.945971,-3.191321,1697.68,2193.15
55.945971,-3.191321,SSE,55.945694,-3.191206,1697.68,2191.90
55.945694,-3.191206,ENE,55.945809,-3.190929,1731.15,2271.22
55.945809,-3.190929,SE,55.945597,-3.190717,1798.53,2354.53
55.945597,-3.190717,ENE,55.945712,-3.190440,1800.36,2382.86
55.945712,-3.190440,WSW,55.945597,-3.190717,1800.36,2381.61
55.945597,-3.190717,ENE,55.945712,-3.190440,1800.36,2380.36
55.945712,-3.190440,WSW,55.945597,-3.190717,1800.36,2379.11
55.945597,-3.190717,ENE,55.945712,-3.190440,1800.36,2377.86
55.945712,-3.190440,WSW,55.945597,-3.190717,1800.36,2376.61
55.945597,-3.190717,ENE,55.945712,-3.190440,1800.36,2375.36
55.945712,-3.190440,WSW,55.945597,-3.190717,1800.36,2374.11
55.945597,-3.190717,ENE,55.945712,-3.190440,1800.36,2372.86
55.945712,-3.190440,WSW,55.945597,-3.190717,1800.36,2371.61
55.945597,-3.190717,ENE,55.945712,-3.190440,1800.36,2370.36
55.945712,-3.190440,WSW,55.945597,-3.190717,1800.36,2369.11
55.945597,-3.190717,ENE,55.945712,-3.190440,1800.36,2367.86
55.945712,-3.190440,WSW,55.945597,-3.190717,1800.36,2366.61
55.945597,-3.190717,ENE,55.945712,-3.190440,1800.36,2365.36
55.945712,-3.190440,WSW,55.945597,-3.190717,1800.36,2364.11
55.945597,-3.190717,ENE,55.945712,-3.190440,1800.36,2362.86
55.945712,-3.190440,WSW,55.945597,-3.190717,1800.36,2361.61
55.945597,-3.190717,ENE,55.945712,-3.190440,1800.36,2360.36
55.945712,-3.190440,WSW,55.945597,-3.190717,1800.36,2359.11
55.945597,-3.190717,ENE,55.945712,-3.190440,1800.36,2357.86
55.945712,-3.190440,WSW,55.945597,-3.190717,1800.36,2356.61
55.945597,-3.190717,ENE,55.945712,-3.190440,1800.36,2355.36
55.945712,-3.190440,WSW,55.945597,-3.190717,1800.36,2354.11
55.945597,-3.190717,ENE,55.945712,-3.190440,1800.36,2352.86
55.945712,-3.190440,WSW,55.945597,-3.190717,1800.36,2351.61
55.945597,-3.190717,ENE,55.945712,-3.190440,1800.36,2350.36
55.945712,-3.190440,WSW,55.945597,-3.190717,1800.36,2349.11
55.945597,-3.190717,ENE,55.945712,-3.190440,1800.36,2347.86
55.945712,-3.190440,WSW,55.945597,-3.190717,1800.36,2346.61
55.945597,-3.190717,ENE,55.945712,-3.190440,1800.36,2345.36
55.945712,-3.190440,WSW,55.945597,-3.190717,1800.36,2344.11
55.945597,-3.190717,ENE,55.945712,-3.190440,1800.36,2342.86
55.945712,-3.190440,WSW,55.945597,-3.190717,1800.36,2341.61
55.945597,-3.190717,ENE,55.945712,-3.190440,1800.36,2340.36
55.945712,-3.190440,WSW,55.945597,-3.190717,1800.36,2339.11
55.945597,-3.190717,ENE,55.945712,-3.190440,1800.36,2337.86
55.945712,-3.190440,WSW,55.945597,-3.190717,1800.36,2336.61
55.945597,-3.190717,ENE,55.945712,-3.190440,1800.36,2335.36
55.945712,-3.190440,WSW,55.945597,-3.190717,1800.36,2334.11
55.945597,-3.190717,ENE,55.945712,-3.190440,1800.36,2332.86
55.945712,-3.190440,WSW,55.945597,-3.190717,1800.36,2331.61
55.945597,-3.190717,ENE,55.945712,-3.190440,1800.36,2330.36
55.945712,-3.190440,WSW,55.945597,-3.190717,1800.36,2329.11
55.945597,-3.190717,ENE,55.945712,-3.190440,1800.36,2327.86
55.945712,-3.190440,WSW,55.945597,-3.190717,1800.36,2326.61
55.945597,-3.190717,ENE,55.945712,-3.190440,1800.36,2325.36
55.945712,-3.190440,WSW,55.945597,-3.190717,1800.36,2324.11
55.945597,-3.190717,ENE,55.945712,-3.190440,1800.36,2322.86
55.945712,-3.190440,WSW,55.945597,-3.190717,1800.36,2321.61
55.945597,-3.190717,ENE,55.945712,-3.190440,1800.36,2320.36
55.945712,-3.190440,WSW,55.945597,-3.190717,1800.36,2319.11
55.945597,-3.190717,ENE,55.945712,-3.190440,1800.36,2317.86
55.945712,-3.190440,WSW,55.945597,-3.190717,1800.36,2316.61
55.945597,-3.190717,ENE,55.945712,-3.190440,1800.36,2315.36
55.945712,-3.190440,WSW,55.945597,-3.190717,1800.36,2314.11
55.945597,-3.190717,ENE,55.945712,-3.190440,1800.36,2312.86
55.945712,-3.190440,WSW,55.945597,-3.190717,1800.36,2311.61
55.945597,-3.190717,ENE,55.945712,-3.190440,1800.36,2310.36
55.945712,-3.190440,WSW,55.945597,-3.190717,1800.36,2309.11
55.945597,-3.190717,ENE,55.945712,-3.190440,1800.36,2307.86
55.945712,-3.190440,WSW,55.945597,-3.190717,1800.36,2306.61
55.945597,-3.190717,ENE,55.945712,-3.190440,1800.36,2305.36
55.945712,-3.190440,WSW,55.945597,-3.190717,1800.36,2304.11
55.945597,-3.190717,ENE,55.945712,-3.190440,1800.36,2302.86
55.945712,-3.190440,WSW,55.945597,-3.190717,1800.36,2301.61
55.945597,-3.190717,ENE,55.945712,-3.190440,1800.36,2300.36
55.945712,-3.190440,WSW,55.945597,-3.190717,1800.36,2299.11
55.945597,-3.190717,ENE,55.945712,-3.190440,1800.36,2297.86
55.945712,-3.190440,WSW,55.945597,-3.190717,1800.36,2296.61
55.945597,-3.190717,ENE,55.945712,-3.190440,1800.36,2295.36
55.945712,-3.190440,WSW,55.945597,-3.190717,1800.36,2294.11
55.945597,-3.190717,ENE,55.945712,-3.190440,1800.36,2292.86
55.945712,-3.190440,WSW,55.945597,-3.190717,1800.36,2291.61
55.945597,-3.190717,ENE,55.945712,-3.190440,1800.36,2290.36
55.945712,-3.190440,WSW,55.945597,-3.190717,1800.36,2289.11
55.945597,-3.190717,ENE,55.945712,-3.190440,1800.36,2287.86
55.945712,-3.190440,WSW,55.945597,-3.190717,1800.36,2286.61
55.945597,-3.190717,ENE,55.945712,-3.190440,1800.36,2285.36
55.945712,-3.190440,WSW,55.945597,-3.190717,1800.36,2284.11
55.945597,-3.190717,ENE,55.945712,-3.190440,1800.36,2282.86
55.945712,-3.190440,WSW,55.945597,-3.190717,1800.36,2281.61
55.945597,-3.190717,ENE,55.945712,-3.190440,1800.36,2280.36
55.945712,-3.190440,WSW,55.945597,-3.190717,1800.36,2279.11
55.945597,-3.190717,ENE,55.945712,-3.190440,1800.36,2277.86
55.945712,-3.190440,WSW,55.945597,-3.190717,1800.36,2276.61
55.945597,-3.190717,ENE,55.945712,-3.190440,1800.36,2275.36
55.945712,-3.190440,WSW,55.945597,-3.190717,1800.36,2274.11
55.945597,-3.190717,ENE,55.945712,-3.190440,1800.36,2272.86
55.945712,-3.190440,WSW,55.945597,-3.190717,1800.36,2271.61
55.945597,-3.190717,ENE,55.945712,-3.190440,1800.36,2270.36
55.945712,-3.190440,WSW,55.945597,-3.190717,1800.36,2269.11
55.945597,-3.190717,ENE,55.945712,-3.190440,1800.36,2267.86
55.945712,-3.190440,WSW,55.945597,-3.190717,1800.36,2266.61
55.945597,-3.190717,ENE,55.945712,-3.190440,1800.36,2265.36
55.945712,-3.190440,WSW,55.945597,-3.190717,1800.36,2264.11
55.945597,-3.190717,ENE,55.945712,-3.190440,1800.36,2262.86
55.945712,-3.190440,WSW,55.945597,-3.190717,1800.36,2261.61
55.945597,-3.190717,ENE,55.945712,-3.190440,1800.36,2260.36
55.945712,-3.190440,WSW,55.945597,-3.190717,1800.36,2259.11
55.945597,-3.190717,ENE,55.945712,-3.190440,1800.36,2257.86
55.945712,-3.190440,WSW,55.945597,-3.190717,1800.36,2256.61
55.945597,-3.190717,ENE,55.945712,-3.190440,1800.36,2255.36
55.945712,-3.190440,WSW,55.945597,-3.190717,1800.36,2254.11
55.945597,-3.190717,ENE,55.945712,-3.190440,1800.36,2252.86
55.945712,-3.190440,WSW,55.945597,-3.190717,1800.36,2251.61
55.945597,-3.190717,ENE,55.945712,-3.190440,1800.36,2250.36
55.945712,-3.190440,WSW,55.945597,-3.190717,1800.36,2249.11
55.945597,-3.190717,ENE,55.945712,-3.190440,1800.36,2247.86
55.945712,-3.190440,WSW,55.945597,-3.190717,1800.36,2246.61
55.945597,-3.190717,ENE,55.945712,-3.190440,1800.36,2245.36
55.945712,-3.190440,WSW,55.945597,-3.190717,1800.36,2244.11
55.945597,-3.190717,ENE,55.945712,-3.190440,1800.36,2242.86
55.945712,-3.190440,WSW,55.945597,-3.190717,1800.36,2241.61
55.945597,-3.190717,ENE,55.945712,-3.190440,1800.36,2240.36
55.945712,-3.190440,WSW,55.945597,-3.190717,1800.36,2239.11
55.945597,-3.190717,ENE,55.945712,-3.190440,1800.36,2237.86
55.945712,-3.190440,WSW,55.945597,-3.190717,1800.36,2236.61
55.945597,-3.190717,ENE,55.945712,-3.190440,1800.36,2235.36
55.945712,-3.190440,WSW,55.945597,-3.190717,1800.36,2234.11
55.945597,-3.190717,ENE,55.945712,-3.190440,1800.36,2232.86
55.945712,-3.190440,WSW,55.945597,-3.190717,1800.36,2231.61
55.945597,-3.190717,ENE,55.945712,-3.190440,1800.36,2230.36
55.945712,-3.190440,WSW,55.945597,-3.190717,1800.36,2229.11
55.945597,-3.190717,ENE,55.945712,-3.190440,1800.36,2227.86
55.945712,-3.190440,WSW,55.945597,-3.190717,1800.36,2226.61
55.945597,-3.190717,ENE,55.945712,-3.190440,1800.36,2225.36
55.945712,-3.190440,WSW,55.945597,-3.190717,1800.36,2224.11
55.945597,-3.190717,ENE,55.945712,-3.190440,1800.36,2222.86
55.945712,-3.190440,WSW,55.945597,-3.190717,1800.36,2221.61
55.945597,-3.190717,ENE,55.945712,-3.190440,1800.36,2220.36
55.945712,-3.190440,WSW,55.945597,-3.190717,1800.36,2219.11
55.945597,-3.190717,ENE,55.945712,-3.190440,1800.36,2217.86
55.945712,-3.190440,WSW,55.945597,-3.190717,1800.36,2216.61
55.945597,-3.190717,ENE,55.945712,-3.190440,1800.36,2215.36
55.945712,-3.190440,WSW,55.945597,-3.190717,1800.36,2214.11
55.945597,-3.190717,ENE,55.945712,-3.190440,1800.36,2212.86
55.945712,-3.190440,WSW,55.945597,-3.190717,1800.36,2211.61
55.945597,-3.190717,ENE,55.945712,-3.190440,1800.36,2210.36
55.945712,-3.190440,WSW,55.945597,-3.190717,1800.36,2209.11
55.945597,-3.190717,ENE,55.945712,-3.190440,1800.36,2207.86
55.945712,-3.190440,WSW,55.945597,-3.190717,1800.36,2206.61
55.945597,-3.190717,ENE,55.945712,-3.190440,1800.36,2205.36
55.945712,-3.190440,WSW,55.945597,-3.190717,1800.36,2204.11
55.945597,-3.190717,ENE,55.945712,-3.190440,1800.36,2202.86
55.945712,-3.190440,WSW,55.945597,-3.190717,1800.36,2201.61
55.945597,-3.190717,ENE,55.945712,-3.190440,1800.36,2200.36
55.945712,-3.190440,WSW,55.945597,-3.190717,1800.36,2199.11
55.945597,-3.190717,ENE,55.945712,-3.190440,1800.36,2197.86
55.945712,-3.190440,WSW,55.945597,-3.190717,1800.36,2196.61
55.945597,-3.190717,ENE,55.945712,-3.190440,1800.36,2195.36
55.945712,-3.190440,WSW,55.945597,-3.190717,1800.36,2194.11
55.945597,-3.190717,ENE,55.945712,-3.190440,1800.36,2192.86
55.945712,-3.190440,WSW,55.945597,-3.190717,1800.36,2191.61
55.945597,-3.190717,ENE,55.945712,-3.190440,1800.36,2190.36
55.945712,-3.190440,WSW,55.945597,-3.190717,1800.36,2189.11
55.945597,-3.190717,ENE,55.945712,-3.190440,1800.36,2187.86
55.945712,-3.190440,WSW,55.945597,-3.190717,1800.36,2186.61
55.945597,-3.190717,ENE,55.945712,-3.190440,1800.36,2185.36
55.945712,-3.190440,WSW,55.945597,-3.190717,1800.36,2184.11
55.945597,-3.190717,ENE,55.945712,-3.190440,1800.36,2182.86
55.945712,-3.190440,WSW,55.945597,-3.190717,1800.36,2181.61
55.945597,-3.190717,ENE,55.945712,-3.190440,1800.36,2180.36
55.945712,-3.190440,WSW,55.945597,-3.190717,1800.36,2179.11
55.945597,-3.190717,ENE,55.945712,-3.190440,1800.36,2177.86
55.945712,-3.190440,WSW,55.945597,-3.190717,1800.36,2176.61
