55.945425,-3.189456,NNW,55.945702,-3.189571,0.00,248.75
55.945702,-3.189571,NW,55.945914,-3.189783,71.45,338.37
55.945914,-3.189783,W,55.945914,-3.190083,71.45,337.12
55.945914,-3.190083,WSW,55.945799,-3.190360,71.45,335.87
55.945799,-3.190360,W,55.945799,-3.190660,71.45,334.62
55.945799,-3.190660,WSW,55.945685,-3.190937,141.60,406.93
55.945685,-3.190937,NW,55.945897,-3.191149,208.45,485.01
55.945897,-3.191149,WSW,55.945782,-3.191427,208.45,483.76
55.945782,-3.191427,WSW,55.945667,-3.191704,234.37,565.51
55.945667,-3.191704,NNW,55.945944,-3.191819,234.37,564.26
55.945944,-3.191819,NW,55.946157,-3.192031,316.85,593.24
55.946157,-3.192031,SSE,55.945879,-3.191916,316.85,591.99
55.945879,-3.191916,SSE,55.945602,-3.191801,316.85,590.74
55.945602,-3.191801,SSE,55.945325,-3.191686,316.85,589.49
55.945325,-3.191686,SSE,55.945048,-3.191571,433.73,669.56
55.945048,-3.191571,SE,55.944836,-3.191359,491.24,671.18
55.944836,-3.191359,NE,55.945048,-3.191147,548.34,762.37
55.945048,-3.191147,SSE,55.944771,-3.191032,581.63,860.88
55.944771,-3.191032,W,55.944771,-3.191332,581.63,859.63
55.944771,-3.191332,W,55.944771,-3.191632,581.63,858.38
55.944771,-3.191632,WNW,55.944885,-3.191910,631.66,877.05
55.944885,-3.191910,SSW,55.944608,-3.192024,631.66,875.80
55.944608,-3.192024,SSW,55.944331,-3.192139,631.66,874.55
55.944331,-3.192139,S,55.944031,-3.192139,683.96,983.85
55.944031,-3.192139,WSW,55.943916,-3.192416,749.45,1102.15
55.943916,-3.192416,S,55.943616,-3.192416,844.96,1203.42
55.943616,-3.192416,SE,55.943404,-3.192204,844.96,1202.17
55.943404,-3.192204,SSE,55.943127,-3.192089,844.96,1200.92
55.943127,-3.192089,SE,55.942915,-3.191877,913.67,1259.30
55.942915,-3.191877,E,55.942915,-3.191577,913.67,1258.05
55.942915,-3.191577,SSE,55.942638,-3.191462,913.67,1256.80
55.942638,-3.191462,NW,55.942850,-3.191675,913.67,1255.55
55.942850,-3.191675,ESE,55.942735,-3.191397,913.67,1254.30
55.942735,-3.191397,NW,55.942947,-3.191610,913.67,1253.05
55.942947,-3.191610,SSE,55.942670,-3.191495,913.67,1251.80
55.942670,-3.191495,NW,55.942882,-3.191707,913.67,1250.55
55.942882,-3.191707,NNE,55.943159,-3.191592,913.67,1249.30
55.943159,-3.191592,ENE,55.943274,-3.191315,913.67,1248.05
55.943274,-3.191315,E,55.943274,-3.191015,913.67,1246.80
55.943274,-3.191015,E,55.943274,-3.190715,913.67,1245.55
55.943274,-3.190715,ESE,55.943159,-3.190438,913.67,1244.30
55.943159,-3.190438,E,55.943159,-3.190138,996.29,1350.60
55.943159,-3.190138,N,55.943459,-3.190138,1016.61,1445.53
55.943459,-3.190138,SSW,55.943182,-3.190253,1016.61,1444.28
55.943182,-3.190253,S,55.942882,-3.190253,1128.50,1496.29
55.942882,-3.190253,NNE,55.943159,-3.190138,1128.50,1495.04
55.943159,-3.190138,N,55.943459,-3.190138,1128.50,1493.79
55.943459,-3.190138,N,55.943759,-3.190138,1128.50,1492.54
55.943759,-3.190138,N,55.944059,-3.190138,1236.75,1530.20
55.944059,-3.190138,E,55.944059,-3.189838,1236.75,1528.95
55.944059,-3.189838,E,55.944059,-3.189538,1236.75,1527.70
55.944059,-3.189538,E,55.944059,-3.189238,1361.27,1575.16
55.944059,-3.189238,NNE,55.944337,-3.189123,1362.38,1588.72
55.944337,-3.189123,N,55.944637,-3.189123,1437.98,1591.11
55.944637,-3.189123,SSE,55.944359,-3.189008,1437.98,1589.86
55.944359,-3.189008,SSE,55.944082,-3.188893,1437.98,1588.61
55.944082,-3.188893,SSE,55.943805,-3.188779,1437.98,1587.36
55.943805,-3.188779,SE,55.943593,-3.188566,1524.27,1657.33
55.943593,-3.188566,SSE,55.943316,-3.188452,1583.15,1770.77
55.943316,-3.188452,ESE,55.943201,-3.188174,1583.15,1769.52
55.943201,-3.188174,ESE,55.943086,-3.187897,1583.15,1768.27
55.943086,-3.187897,ESE,55.942971,-3.187620,1583.15,1767.02
55.942971,-3.187620,E,55.942971,-3.187320,1650.70,1815.88
55.942971,-3.187320,NNE,55.943248,-3.187205,1650.70,1814.63
55.943248,-3.187205,NE,55.943461,-3.186993,1759.59,1890.77
55.943461,-3.186993,NNE,55.943738,-3.186878,1759.59,1889.52
55.943738,-3.186878,NNE,55.944015,-3.186764,1759.59,1888.27
55.944015,-3.186764,NE,55.944227,-3.186551,1835.49,2009.40
55.944227,-3.186551,ENE,55.944342,-3.186274,1835.49,2008.15
55.944342,-3.186274,ENE,55.944457,-3.185997,1950.99,2091.90
55.944457,-3.185997,ESE,55.944342,-3.185720,1950.99,2090.65
55.944342,-3.185720,ESE,55.944227,-3.185443,2037.06,2135.75
55.944227,-3.185443,NE,55.944439,-3.185231,2059.37,2243.64
55.944439,-3.185231,ESE,55.944324,-3.184953,2059.37,2242.39
55.944324,-3.184953,ESE,55.944210,-3.184676,2098.75,2267.41
55.944210,-3.184676,SW,55.943997,-3.184888,2098.75,2266.16
55.943997,-3.184888,SW,55.943785,-3.185101,2098.75,2264.91
55.943785,-3.185101,WSW,55.943671,-3.185378,2098.75,2263.66
55.943671,-3.185378,SW,55.943458,-3.185590,2142.68,2292.15
55.943458,-3.185590,NW,55.943671,-3.185802,2142.68,2290.90
55.943671,-3.185802,NW,55.943883,-3.186014,2142.68,2289.65
55.943883,-3.186014,NW,55.944095,-3.186226,2142.68,2288.40
55.944095,-3.186226,NW,55.944307,-3.186438,2142.68,2287.15
55.944307,-3.186438,NW,55.944519,-3.186651,2142.68,2285.90
55.944519,-3.186651,WNW,55.944634,-3.186928,2242.49,2365.47
55.944634,-3.186928,NNW,55.944911,-3.187042,2242.49,2364.22
55.944911,-3.187042,N,55.945211,-3.187042,2242.49,2362.97
55.945211,-3.187042,NNW,55.945488,-3.187157,2341.41,2440.31
55.945488,-3.187157,WNW,55.945603,-3.187434,2341.41,2439.06
55.945603,-3.187434,WNW,55.945718,-3.187712,2401.59,2494.85
55.945718,-3.187712,NNW,55.945995,-3.187826,2518.42,2513.42
55.945995,-3.187826,WSW,55.945880,-3.188104,2569.46,2607.25
55.945880,-3.188104,W,55.945880,-3.188404,2693.75,2652.25
55.945880,-3.188404,ENE,55.945995,-3.188126,2693.75,2651.00
55.945995,-3.188126,ENE,55.946110,-3.187849,2693.75,2649.75
55.946110,-3.187849,E,55.946110,-3.187549,2784.92,2649.81
55.946110,-3.187549,ESE,55.945995,-3.187272,2784.92,2648.56
55.945995,-3.187272,SE,55.945783,-3.187060,2784.92,2647.31
55.945783,-3.187060,ESE,55.945668,-3.186783,2784.92,2646.06
55.945668,-3.186783,ESE,55.945553,-3.186506,2784.92,2644.81
55.945553,-3.186506,SE,55.945341,-3.186293,2811.39,2701.16
55.945341,-3.186293,ENE,55.945456,-3.186016,2811.39,2699.91
55.945456,-3.186016,ENE,55.945571,-3.185739,2811.39,2698.66
55.945571,-3.185739,ENE,55.945686,-3.185462,2811.39,2697.41
55.945686,-3.185462,E,55.945686,-3.185162,2811.39,2696.16
55.945686,-3.185162,ENE,55.945800,-3.184885,2811.39,2694.91
55.945800,-3.184885,E,55.945800,-3.184585,2846.44,2697.16
55.945800,-3.184585,W,55.945800,-3.184885,2846.44,2695.91
55.945800,-3.184885,E,55.945800,-3.184585,2846.44,2694.66
55.945800,-3.184585,W,55.945800,-3.184885,2846.44,2693.41
55.945800,-3.184885,E,55.945800,-3.184585,2846.44,2692.16
55.945800,-3.184585,W,55.945800,-3.184885,2846.44,2690.91
55.945800,-3.184885,E,55.945800,-3.184585,2846.44,2689.66
55.945800,-3.184585,W,55.945800,-3.184885,2846.44,2688.41
55.945800,-3.184885,E,55.945800,-3.184585,2846.44,2687.16
55.945800,-3.184585,W,55.945800,-3.184885,2846.44,2685.91
55.945800,-3.184885,E,55.945800,-3.184585,2846.44,2684.66
55.945800,-3.184585,W,55.945800,-3.184885,2846.44,2683.41
55.945800,-3.184885,E,55.945800,-3.184585,2846.44,2682.16
55.945800,-3.184585,W,55.945800,-3.184885,2846.44,2680.91
55.945800,-3.184885,E,55.945800,-3.184585,2846.44,2679.66
55.945800,-3.184585,W,55.945800,-3.184885,2846.44,2678.41
55.945800,-3.184885,E,55.945800,-3.184585,2846.44,2677.16
55.945800,-3.184585,W,55.945800,-3.184885,2846.44,2675.91
55.945800,-3.184885,E,55.945800,-3.184585,2846.44,2674.66
55.945800,-3.184585,W,55.945800,-3.184885,2846.44,2673.41
55.945800,-3.184885,E,55.945800,-3.184585,2846.44,2672.16
55.945800,-3.184585,W,55.945800,-3.184885,2846.44,2670.91
55.945800,-3.184885,E,55.945800,-3.184585,2846.44,2669.66
55.945800,-3.184585,W,55.945800,-3.184885,2846.44,2668.41
55.945800,-3.184885,E,55.945800,-3.184585,2846.44,2667.16
55.945800,-3.184585,W,55.945800,-3.184885,2846.44,2665.91
55.945800,-3.184885,E,55.945800,-3.184585,2846.44,2664.66
55.945800,-3.184585,W,55.945800,-3.184885,2846.44,2663.41
55.945800,-3.184885,E,55.945800,-3.184585,2846.44,2662.16
55.945800,-3.184585,W,55.945800,-3.184885,2846.44,2660.91
55.945800,-3.184885,E,55.945800,-3.184585,2846.44,2659.66
55.945800,-3.184585,W,55.945800,-3.184885,2846.44,2658.41
55.945800,-3.184885,E,55.945800,-3.184585,2846.44,2657.16
55.945800,-3.184585,W,55.945800,-3.184885,2846.44,2655.91
55.945800,-3.184885,E,55.945800,-3.184585,2846.44,2654.66
55.945800,-3.184585,W,55.945800,-3.184885,2846.44,2653.41
55.945800,-3.184885,E,55.945800,-3.184585,2846.44,2652.16
55.945800,-3.184585,W,55.945800,-3.184885,2846.44,2650.91
55.945800,-3.184885,E,55.945800,-3.184585,2846.44,2649.66
55.945800,-3.184585,W,55.945800,-3.184885,2846.44,2648.41
55.945800,-3.184885,E,55.945800,-3.184585,2846.44,2647.16
55.945800,-3.184585,W,55.945800,-3.184885,2846.44,2645.91
55.945800,-3.184885,E,55.945800,-3.184585,2846.44,2644.66
55.945800,-3.184585,W,55.945800,-3.184885,2846.44,2643.41
55.945800,-3.184885,E,55.945800,-3.184585,2846.44,2642.16
55.945800,-3.184585,W,55.945800,-3.184885,2846.44,2640.91
55.945800,-3.184885,E,55.945800,-3.184585,2846.44,2639.66
55.945800,-3.184585,W,55.945800,-3.184885,2846.44,2638.41
55.945800,-3.184885,E,55.945800,-3.184585,2846.44,2637.16
55.945800,-3.184585,W,55.945800,-3.184885,2846.44,2635.91
55.945800,-3.184885,E,55.945800,-3.184585,2846.44,2634.66
55.945800,-3.184585,W,55.945800,-3.184885,2846.44,2633.41
55.945800,-3.184885,E,55.945800,-3.184585,2846.44,2632.16
55.945800,-3.184585,W,55.945800,-3.184885,2846.44,2630.91
55.945800,-3.184885,E,55.945800,-3.184585,2846.44,2629.66
55.945800,-3.184585,W,55.945800,-3.184885,2846.44,2628.41
55.945800,-3.184885,E,55.945800,-3.184585,2846.44,2627.16
55.945800,-3.184585,W,55.945800,-3.184885,2846.44,2625.91
55.945800,-3.184885,E,55.945800,-3.184585,2846.44,2624.66
55.945800,-3.184585,W,55.945800,-3.184885,2846.44,2623.41
55.945800,-3.184885,E,55.945800,-3.184585,2846.44,2622.16
55.945800,-3.184585,W,55.945800,-3.184885,2846.44,2620.91
55.945800,-3.184885,E,55.945800,-3.184585,2846.44,2619.66
55.945800,-3.184585,W,55.945800,-3.184885,2846.44,2618.41
55.945800,-3.184885,E,55.945800,-3.184585,2846.44,2617.16
55.945800,-3.184585,W,55.945800,-3.184885,2846.44,2615.91
55.945800,-3.184885,E,55.945800,-3.184585,2846.44,2614.66
55.945800,-3.184585,W,55.945800,-3.184885,2846.44,2613.41
55.945800,-3.184885,E,55.945800,-3.184585,2846.44,2612.16
55.945800,-3.184585,W,55.945800,-3.184885,2846.44,2610.91
55.945800,-3.184885,E,55.945800,-3.184585,2846.44,2609.66
55.945800,-3.184585,W,55.945800,-3.184885,2846.44,2608.41
55.945800,-3.184885,E,55.945800,-3.184585,2846.44,2607.16
55.945800,-3.184585,W,55.945800,-3.184885,2846.44,2605.91
55.945800,-3.184885,E,55.945800,-3.184585,2846.44,2604.66
55.945800,-3.184585,W,55.945800,-3.184885,2846.44,2603.41
55.945800,-3.184885,E,55.945800,-3.184585,2846.44,2602.16
55.945800,-3.184585,W,55.945800,-3.184885,2846.44,2600.91
55.945800,-3.184885,E,55.945800,-3.184585,2846.44,2599.66
55.945800,-3.184585,W,55.945800,-3.184885,2846.44,2598.41
55.945800,-3.184885,E,55.945800,-3.184585,2846.44,2597.16
55.945800,-3.184585,W,55.945800,-3.184885,2846.44,2595.91
55.945800,-3.184885,E,55.945800,-3.184585,2846.44,2594.66
55.945800,-3.184585,W,55.945800,-3.184885,2846.44,2593.41
55.945800,-3.184885,E,55.945800,-3.184585,2846.44,2592.16
55.945800,-3.184585,W,55.945800,-3.184885,2846.44,2590.91
55.945800,-3.184885,E,55.945800,-3.184585,2846.44,2589.66
55.945800,-3.184585,W,55.945800,-3.184885,2846.44,2588.41
55.945800,-3.184885,E,55.945800,-3.184585,2846.44,2587.16
55.945800,-3.184585,W,55.945800,-3.184885,2846.44,2585.91
55.945800,-3.184885,E,55.945800,-3.184585,2846.44,2584.66
55.945800,-3.184585,W,55.945800,-3.184885,2846.44,2583.41
55.945800,-3.184885,E,55.945800,-3.184585,2846.44,2582.16
55.945800,-3.184585,W,55.945800,-3.184885,2846.44,2580.91
55.945800,-3.184885,E,55.945800,-3.184585,2846.44,2579.66
55.945800,-3.184585,W,55.945800,-3.184885,2846.44,2578.41
55.945800,-3.184885,E,55.945800,-3.184585,2846.44,2577.16
55.945800,-3.184585,W,55.945800,-3.184885,2846.44,2575.91
55.945800,-3.184885,E,55.945800,-3.184585,2846.44,2574.66
55.945800,-3.184585,W,55.945800,-3.184885,2846.44,2573.41
55.945800,-3.184885,E,55.945800,-3.184585,2846.44,2572.16
55.945800,-3.184585,W,55.945800,-3.184885,2846.44,2570.91
55.945800,-3.184885,E,55.945800,-3.184585,2846.44,2569.66
55.945800,-3.184585,W,55.945800,-3.184885,2846.44,2568.41
55.945800,-3.184885,E,55.945800,-3.184585,2846.44,2567.16
55.945800,-3.184585,W,55.945800,-3.184885,2846.44,2565.91
55.945800,-3.184885,E,55.945800,-3.184585,2846.44,2564.66
55.945800,-3.184585,W,55.945800,-3.184885,2846.44,2563.41
55.945800,-3.184885,E,55.945800,-3.184585,2846.44,2562.16
55.945800,-3.184585,W,55.945800,-3.184885,2846.44,2560.91
55.945800,-3.184885,E,55.945800,-3.184585,2846.44,2559.66
55.945800,-3.184585,W,55.945800,-3.184885,2846.44,2558.41
55.945800,-3.184885,E,55.945800,-3.184585,2846.44,2557.16
55.945800,-3.184585,W,55.945800,-3.184885,2846.44,2555.91
55.945800,-3.184885,E,55.945800,-3.184585,2846.44,2554.66
55.945800,-3.184585,W,55.945800,-3.184885,2846.44,2553.41
55.945800,-3.184885,E,55.945800,-3.184585,2846.44,2552.16
55.945800,-3.184585,W,55.945800,-3.184885,2846.44,2550.91
55.945800,-3.184885,E,55.945800,-3.184585,2846.44,2549.66
55.945800,-3.184585,W,55.945800,-3.184885,2846.44,2548.41
55.945800,-3.184885,E,55.945800,-3.184585,2846.44,2547.16
55.945800,-3.184585,W,55.945800,-3.184885,2846.44,2545.91
55.945800,-3.184885,E,55.945800,-3.184585,2846.44,2544.66
55.945800,-3.184585,W,55.945800,-3.184885,2846.44,2543.41
55.945800,-3.184885,E,55.945800,-3.184585,2846.44,2542.16
55.945800,-3.184585,W,55.945800,-3.184885,2846.44,2540.91
55.945800,-3.184885,E,55.945800,-3.184585,2846.44,2539.66
55.945800,-3.184585,W,55.945800,-3.184885,2846.44,2538.41
55.945800,-3.184885,E,55.945800,-3.184585,2846.44,2537.16
55.945800,-3.184585,W,55.945800,-3.184885,2846.44,2535.91
55.945800,-3.184885,E,55.945800,-3.184585,2846.44,2534.66
55.945800,-3.184585,W,55.945800,-3.184885,2846.44,2533.41
55.945800,-3.184885,E,55.945800,-3.184585,2846.44,2532.16
55.945800,-3.184585,W,55.945800,-3.184885,2846.44,2530.91
55.945800,-3.184885,E,55.945800,-3.184585,2846.44,2529.66
55.945800,-3.184585,W,55.945800,-3.184885,2846.44,2528.41
55.945800,-3.184885,E,55.945800,-3.184585,2846.44,2527.16
55.945800,-3.184585,W,55.945800,-3.184885,2846.44,2525.91
55.945800,-3.184885,E,55.945800,-3.184585,2846.44,2524.66
55.945800,-3.184585,W,55.945800,-3.184885,2846.44,2523.41
55.945800,-3.184885,E,55.945800,-3.184585,2846.44,2522.16
55.945800,-3.184585,W,55.945800,-3.184885,2846.44,2520.91
55.945800,-3.184885,E,55.945800,-3.184585,2846.44,2519.66
55.945800,-3.184585,W,55.945800,-3.184885,2846.44,2518.41
