55.945425,-3.189456,SW,55.945213,-3.189668,0.00,248.75
55.945213,-3.189668,SW,55.945001,-3.189880,80.69,299.54
55.945001,-3.189880,WSW,55.944886,-3.190157,80.69,298.29
55.944886,-3.190157,WSW,55.944771,-3.190435,80.69,297.04
55.944771,-3.190435,WSW,55.944656,-3.190712,81.87,362.70
55.944656,-3.190712,WSW,55.944542,-3.190989,81.87,361.45
55.944542,-3.190989,WSW,55.944427,-3.191266,199.22,480.93
55.944427,-3.191266,SSE,55.944150,-3.191151,244.46,599.38
55.944150,-3.191151,SW,55.943937,-3.191363,295.46,671.84
55.943937,-3.191363,SSW,55.943660,-3.191478,295.46,670.59
55.943660,-3.191478,SW,55.943448,-3.191690,414.35,673.14
55.943448,-3.191690,SSE,55.943171,-3.191576,414.35,671.89
55.943171,-3.191576,SE,55.942959,-3.191363,452.33,764.39
55.942959,-3.191363,N,55.943259,-3.191363,452.33,763.14
55.943259,-3.191363,NNW,55.943536,-3.191478,452.33,761.89
55.943536,-3.191478,N,55.943836,-3.191478,452.33,760.64
55.943836,-3.191478,N,55.944136,-3.191478,452.33,759.39
55.944136,-3.191478,NNW,55.944413,-3.191593,452.33,758.14
55.944413,-3.191593,NNW,55.944690,-3.191708,480.22,855.57
55.944690,-3.191708,W,55.944690,-3.192008,480.22,854.32
55.944690,-3.192008,SW,55.944478,-3.192220,589.69,973.99
55.944478,-3.192220,NNE,55.944755,-3.192105,589.69,972.74
55.944755,-3.192105,N,55.945055,-3.192105,589.69,971.49
55.945055,-3.192105,N,55.945355,-3.192105,589.69,970.24
55.945355,-3.192105,NNW,55.945633,-3.192220,666.94,1041.96
55.945633,-3.192220,E,55.945633,-3.191920,666.94,1040.71
55.945633,-3.191920,ENE,55.945747,-3.191643,666.94,1039.46
55.945747,-3.191643,E,55.945747,-3.191343,666.94,1038.21
55.945747,-3.191343,E,55.945747,-3.191043,666.94,1036.96
55.945747,-3.191043,E,55.945747,-3.190743,666.94,1035.71
55.945747,-3.190743,E,55.945747,-3.190443,666.94,1034.46
55.945747,-3.190443,E,55.945747,-3.190143,666.94,1033.21
55.945747,-3.190143,E,55.945747,-3.189843,666.94,1031.96
55.945747,-3.189843,ESE,55.945633,-3.189566,666.94,1030.71
55.945633,-3.189566,ENE,55.945747,-3.189288,666.94,1029.46
55.945747,-3.189288,N,55.946047,-3.189288,666.94,1028.21
55.946047,-3.189288,S,55.945747,-3.189288,666.94,1026.96
55.945747,-3.189288,S,55.945447,-3.189288,666.94,1025.71
55.945447,-3.189288,SE,55.945235,-3.189076,666.94,1024.46
55.945235,-3.189076,E,55.945235,-3.188776,666.94,1023.21
55.945235,-3.188776,E,55.945235,-3.188476,666.94,1021.96
55.945235,-3.188476,ENE,55.945350,-3.188199,746.32,1048.76
55.945350,-3.188199,ENE,55.945465,-3.187922,766.09,1128.41
55.945465,-3.187922,ESE,55.945350,-3.187645,863.83,1134.80
55.945350,-3.187645,NNE,55.945627,-3.187530,863.83,1133.55
55.945627,-3.187530,NE,55.945839,-3.187318,988.74,1212.46
55.945839,-3.187318,E,55.945839,-3.187018,1036.67,1297.91
55.945839,-3.187018,E,55.945839,-3.186718,1036.67,1296.66
55.945839,-3.186718,ESE,55.945724,-3.186441,1153.56,1321.88
55.945724,-3.186441,NE,55.945937,-3.186229,1172.70,1427.51
55.945937,-3.186229,SE,55.945724,-3.186016,1172.70,1426.26
55.945724,-3.186016,SE,55.945512,-3.185804,1210.74,1498.78
55.945512,-3.185804,NNE,55.945790,-3.185690,1210.74,1497.53
55.945790,-3.185690,NE,55.946002,-3.185477,1290.01,1584.90
55.946002,-3.185477,SSE,55.945724,-3.185363,1290.01,1583.65
55.945724,-3.185363,SSE,55.945447,-3.185248,1290.01,1582.40
55.945447,-3.185248,SSE,55.945170,-3.185133,1290.01,1581.15
55.945170,-3.185133,SSE,55.944893,-3.185018,1290.01,1579.90
55.944893,-3.185018,SSE,55.944616,-3.184903,1290.01,1578.65
55.944616,-3.184903,WSW,55.944501,-3.185181,1290.01,1577.40
55.944501,-3.185181,SSW,55.944224,-3.185295,1290.01,1576.15
55.944224,-3.185295,SE,55.944012,-3.185083,1290.01,1574.90
55.944012,-3.185083,ESE,55.943897,-3.184806,1298.49,1633.67
55.943897,-3.184806,SW,55.943685,-3.185018,1298.49,1632.42
55.943685,-3.185018,SW,55.943473,-3.185230,1302.31,1720.09
55.943473,-3.185230,SSE,55.943195,-3.185116,1302.31,1718.84
55.943195,-3.185116,SSE,55.942918,-3.185001,1364.33,1830.98
55.942918,-3.185001,ESE,55.942804,-3.184724,1451.56,1909.17
55.942804,-3.184724,W,55.942804,-3.185024,1451.56,1907.92
55.942804,-3.185024,WSW,55.942689,-3.185301,1451.56,1906.67
55.942689,-3.185301,WNW,55.942804,-3.185578,1451.56,1905.42
55.942804,-3.185578,W,55.942804,-3.185878,1451.56,1904.17
55.942804,-3.185878,WNW,55.942918,-3.186155,1451.56,1902.92
55.942918,-3.186155,WNW,55.943033,-3.186432,1451.56,1901.67
55.943033,-3.186432,W,55.943033,-3.186732,1451.56,1900.42
55.943033,-3.186732,WNW,55.943148,-3.187009,1487.35,1964.86
55.943148,-3.187009,WNW,55.943263,-3.187287,1487.35,1963.61
55.943263,-3.187287,NW,55.943475,-3.187499,1487.35,1962.36
55.943475,-3.187499,W,55.943475,-3.187799,1538.00,2084.97
55.943475,-3.187799,N,55.943775,-3.187799,1538.00,2083.72
55.943775,-3.187799,NNE,55.944052,-3.187684,1538.00,2082.47
55.944052,-3.187684,ENE,55.944167,-3.187407,1571.21,2094.58
55.944167,-3.187407,NW,55.944379,-3.187619,1571.21,2093.33
55.944379,-3.187619,WNW,55.944494,-3.187896,1612.45,2192.16
55.944494,-3.187896,WNW,55.944609,-3.188173,1672.94,2215.84
55.944609,-3.188173,NNW,55.944886,-3.188288,1672.94,2214.59
55.944886,-3.188288,NNW,55.945163,-3.188403,1672.94,2213.34
55.945163,-3.188403,N,55.945463,-3.188403,1672.94,2212.09
55.945463,-3.188403,NNE,55.945740,-3.188288,1672.94,2210.84
55.945740,-3.188288,NW,55.945952,-3.188500,1790.67,2231.52
55.945952,-3.188500,WSW,55.945837,-3.188777,1790.67,2230.27
55.945837,-3.188777,S,55.945537,-3.188777,1790.67,2229.02
55.945537,-3.188777,S,55.945237,-3.188777,1790.67,2227.77
55.945237,-3.188777,S,55.944937,-3.188777,1790.67,2226.52
55.944937,-3.188777,S,55.944637,-3.188777,1790.67,2225.27
55.944637,-3.188777,S,55.944337,-3.188777,1790.67,2224.02
55.944337,-3.188777,S,55.944037,-3.188777,1790.67,2222.77
55.944037,-3.188777,S,55.943737,-3.188777,1790.67,2221.52
55.943737,-3.188777,S,55.943437,-3.188777,1790.67,2220.27
55.943437,-3.188777,SSW,55.943160,-3.188892,1819.63,2247.72
55.943160,-3.188892,NNE,55.943437,-3.188777,1819.63,2246.47
55.943437,-3.188777,SSW,55.943160,-3.188892,1819.63,2245.22
55.943160,-3.188892,NNE,55.943437,-3.188777,1819.63,2243.97
55.943437,-3.188777,SSW,55.943160,-3.188892,1819.63,2242.72
55.943160,-3.188892,NNE,55.943437,-3.188777,1819.63,2241.47
55.943437,-3.188777,SSW,55.943160,-3.188892,1819.63,2240.22
55.943160,-3.188892,NNE,55.943437,-3.188777,1819.63,2238.97
55.943437,-3.188777,SSW,55.943160,-3.188892,1819.63,2237.72
55.943160,-3.188892,NNE,55.943437,-3.188777,1819.63,2236.47
55.943437,-3.188777,SSW,55.943160,-3.188892,1819.63,2235.22
55.943160,-3.188892,NNE,55.943437,-3.188777,1819.63,2233.97
55.943437,-3.188777,SSW,55.943160,-3.188892,1819.63,2232.72
55.943160,-3.188892,NNE,55.943437,-3.188777,1819.63,2231.47
55.943437,-3.188777,SSW,55.943160,-3.188892,1819.63,2230.22
55.943160,-3.188892,NNE,55.943437,-3.188777,1819.63,2228.97
55.943437,-3.188777,SSW,55.943160,-3.188892,1819.63,2227.72
55.943160,-3.188892,NNE,55.943437,-3.188777,1819.63,2226.47
55.943437,-3.188777,SSW,55.943160,-3.188892,1819.63,2225.22
55.943160,-3.188892,NNE,55.943437,-3.188777,1819.63,2223.97
55.943437,-3.188777,SSW,55.943160,-3.188892,1819.63,2222.72
55.943160,-3.188892,NNE,55.943437,-3.188777,1819.63,2221.47
55.943437,-3.188777,SSW,55.943160,-3.188892,1819.63,2220.22
55.943160,-3.188892,NNE,55.943437,-3.188777,1819.63,2218.97
55.943437,-3.188777,SSW,55.943160,-3.188892,1819.63,2217.72
55.943160,-3.188892,NNE,55.943437,-3.188777,1819.63,2216.47
55.943437,-3.188777,SSW,55.943160,-3.188892,1819.63,2215.22
55.943160,-3.188892,NNE,55.943437,-3.188777,1819.63,2213.97
55.943437,-3.188777,SSW,55.943160,-3.188892,1819.63,2212.72
55.943160,-3.188892,NNE,55.943437,-3.188777,1819.63,2211.47
55.943437,-3.188777,SSW,55.943160,-3.188892,1819.63,2210.22
55.943160,-3.188892,NNE,55.943437,-3.188777,1819.63,2208.97
55.943437,-3.188777,SSW,55.943160,-3.188892,1819.63,2207.72
55.943160,-3.188892,NNE,55.943437,-3.188777,1819.63,2206.47
55.943437,-3.188777,SSW,55.943160,-3.188892,1819.63,2205.22
55.943160,-3.188892,NNE,55.943437,-3.188777,1819.63,2203.97
55.943437,-3.188777,SSW,55.943160,-3.188892,1819.63,2202.72
55.943160,-3.188892,NNE,55.943437,-3.188777,1819.63,2201.47
55.943437,-3.188777,SSW,55.943160,-3.188892,1819.63,2200.22
55.943160,-3.188892,NNE,55.943437,-3.188777,1819.63,2198.97
55.943437,-3.188777,SSW,55.943160,-3.188892,1819.63,2197.72
55.943160,-3.188892,NNE,55.943437,-3.188777,1819.63,2196.47
55.943437,-3.188777,SSW,55.943160,-3.188892,1819.63,2195.22
55.943160,-3.188892,NNE,55.943437,-3.188777,1819.63,2193.97
55.943437,-3.188777,SSW,55.943160,-3.188892,1819.63,2192.72
55.943160,-3.188892,NNE,55.943437,-3.188777,1819.63,2191.47
55.943437,-3.188777,SSW,55.943160,-3.188892,1819.63,2190.22
55.943160,-3.188892,NNE,55.943437,-3.188777,1819.63,2188.97
55.943437,-3.188777,SSW,55.943160,-3.188892,1819.63,2187.72
55.943160,-3.188892,NNE,55.943437,-3.188777,1819.63,2186.47
55.943437,-3.188777,SSW,55.943160,-3.188892,1819.63,2185.22
55.943160,-3.188892,NNE,55.943437,-3.188777,1819.63,2183.97
55.943437,-3.188777,SSW,55.943160,-3.188892,1819.63,2182.72
55.943160,-3.188892,NNE,55.943437,-3.188777,1819.63,2181.47
55.943437,-3.188777,SSW,55.943160,-3.188892,1819.63,2180.22
55.943160,-3.188892,NNE,55.943437,-3.188777,1819.63,2178.97
55.943437,-3.188777,SSW,55.943160,-3.188892,1819.63,2177.72
55.943160,-3.188892,NNE,55.943437,-3.188777,1819.63,2176.47
55.943437,-3.188777,SSW,55.943160,-3.188892,1819.63,2175.22
55.943160,-3.188892,NNE,55.943437,-3.188777,1819.63,2173.97
55.943437,-3.188777,SSW,55.943160,-3.188892,1819.63,2172.72
55.943160,-3.188892,NNE,55.943437,-3.188777,1819.63,2171.47
55.943437,-3.188777,SSW,55.943160,-3.188892,1819.63,2170.22
55.943160,-3.188892,NNE,55.943437,-3.188777,1819.63,2168.97
55.943437,-3.188777,SSW,55.943160,-3.188892,1819.63,2167.72
55.943160,-3.188892,NNE,55.943437,-3.188777,1819.63,2166.47
55.943437,-3.188777,SSW,55.943160,-3.188892,1819.63,2165.22
55.943160,-3.188892,NNE,55.943437,-3.188777,1819.63,2163.97
55.943437,-3.188777,SSW,55.943160,-3.188892,1819.63,2162.72
55.943160,-3.188892,NNE,55.943437,-3.188777,1819.63,2161.47
55.943437,-3.188777,SSW,55.943160,-3.188892,1819.63,2160.22
55.943160,-3.188892,NNE,55.943437,-3.188777,1819.63,2158.97
55.943437,-3.188777,SSW,55.943160,-3.188892,1819.63,2157.72
55.943160,-3.188892,NNE,55.943437,-3.188777,1819.63,2156.47
55.943437,-3.188777,SSW,55.943160,-3.188892,1819.63,2155.22
55.943160,-3.188892,NNE,55.943437,-3.188777,1819.63,2153.97
55.943437,-3.188777,SSW,55.943160,-3.188892,1819.63,2152.72
55.943160,-3.188892,NNE,55.943437,-3.188777,1819.63,2151.47
55.943437,-3.188777,SSW,55.943160,-3.188892,1819.63,2150.22
55.943160,-3.188892,NNE,55.943437,-3.188777,1819.63,2148.97
55.943437,-3.188777,SSW,55.943160,-3.188892,1819.63,2147.72
55.943160,-3.188892,NNE,55.943437,-3.188777,1819.63,2146.47
55.943437,-3.188777,SSW,55.943160,-3.188892,1819.63,2145.22
55.943160,-3.188892,NNE,55.943437,-3.188777,1819.63,2143.97
55.943437,-3.188777,SSW,55.943160,-3.188892,1819.63,2142.72
55.943160,-3.188892,NNE,55.943437,-3.188777,1819.63,2141.47
55.943437,-3.188777,SSW,55.943160,-3.188892,1819.63,2140.22
55.943160,-3.188892,NNE,55.943437,-3.188777,1819.63,2138.97
55.943437,-3.188777,SSW,55.943160,-3.188892,1819.63,2137.72
55.943160,-3.188892,NNE,55.943437,-3.188777,1819.63,2136.47
55.943437,-3.188777,SSW,55.943160,-3.188892,1819.63,2135.22
55.943160,-3.188892,NNE,55.943437,-3.188777,1819.63,2133.97
55.943437,-3.188777,SSW,55.943160,-3.188892,1819.63,2132.72
55.943160,-3.188892,NNE,55.943437,-3.188777,1819.63,2131.47
55.943437,-3.188777,SSW,55.943160,-3.188892,1819.63,2130.22
55.943160,-3.188892,NNE,55.943437,-3.188777,1819.63,2128.97
55.943437,-3.188777,SSW,55.943160,-3.188892,1819.63,2127.72
55.943160,-3.188892,NNE,55.943437,-3.188777,1819.63,2126.47
55.943437,-3.188777,SSW,55.943160,-3.188892,1819.63,2125.22
55.943160,-3.188892,NNE,55.943437,-3.188777,1819.63,2123.97
55.943437,-3.188777,SSW,55.943160,-3.188892,1819.63,2122.72
55.943160,-3.188892,NNE,55.943437,-3.188777,1819.63,2121.47
55.943437,-3.188777,SSW,55.943160,-3.188892,1819.63,2120.22
55.943160,-3.188892,NNE,55.943437,-3.188777,1819.63,2118.97
55.943437,-3.188777,SSW,55.943160,-3.188892,1819.63,2117.72
55.943160,-3.188892,NNE,55.943437,-3.188777,1819.63,2116.47
55.943437,-3.188777,SSW,55.943160,-3.188892,1819.63,2115.22
55.943160,-3.188892,NNE,55.943437,-3.188777,1819.63,2113.97
55.943437,-3.188777,SSW,55.943160,-3.188892,1819.63,2112.72
55.943160,-3.188892,NNE,55.943437,-3.188777,1819.63,2111.47
55.943437,-3.188777,SSW,55.943160,-3.188892,1819.63,2110.22
55.943160,-3.188892,NNE,55.943437,-3.188777,1819.63,2108.97
55.943437,-3.188777,SSW,55.943160,-3.188892,1819.63,2107.72
55.943160,-3.188892,NNE,55.943437,-3.188777,1819.63,2106.47
55.943437,-3.188777,SSW,55.943160,-3.188892,1819.63,2105.22
55.943160,-3.188892,NNE,55.943437,-3.188777,1819.63,2103.97
55.943437,-3.188777,SSW,55.943160,-3.188892,1819.63,2102.72
55.943160,-3.188892,NNE,55.943437,-3.188777,1819.63,2101.47
55.943437,-3.188777,SSW,55.943160,-3.188892,1819.63,2100.22
55.943160,-3.188892,NNE,55.943437,-3.188777,1819.63,2098.97
55.943437,-3.188777,SSW,55.943160,-3.188892,1819.63,2097.72
55.943160,-3.188892,NNE,55.943437,-3.188777,1819.63,2096.47
55.943437,-3.188777,SSW,55.943160,-3.188892,1819.63,2095.22
55.943160,-3.188892,NNE,55.943437,-3.188777,1819.63,2093.97
55.943437,-3.188777,SSW,55.943160,-3.188892,1819.63,2092.72
55.943160,-3.188892,NNE,55.943437,-3.188777,1819.63,2091.47
55.943437,-3.188777,SSW,55.943160,-3.188892,1819.63,2090.22
55.943160,-3.188892,NNE,55.943437,-3.188777,1819.63,2088.97
55.943437,-3.188777,SSW,55.943160,-3.188892,1819.63,2087.72
55.943160,-3.188892,NNE,55.943437,-3.188777,1819.63,2086.47
55.943437,-3.188777,SSW,55.943160,-3.188892,1819.63,2085.22
55.943160,-3.188892,NNE,55.943437,-3.188777,1819.63,2083.97
55.943437,-3.188777,SSW,55.943160,-3.188892,1819.63,2082.72
55.943160,-3.188892,NNE,55.943437,-3.188777,1819.63,2081.47
55.943437,-3.188777,SSW,55.943160,-3.188892,1819.63,2080.22
55.943160,-3.188892,NNE,55.943437,-3.188777,1819.63,2078.97
55.943437,-3.188777,SSW,55.943160,-3.188892,1819.63,2077.72
55.943160,-3.188892,NNE,55.943437,-3.188777,1819.63,2076.47
55.943437,-3.188777,SSW,55.943160,-3.188892,1819.63,2075.22
55.943160,-3.188892,NNE,55.943437,-3.188777,1819.63,2073.97
55.943437,-3.188777,SSW,55.943160,-3.188892,1819.63,2072.72
55.943160,-3.188892,NNE,55.943437,-3.188777,1819.63,2071.47
55.943437,-3.188777,SSW,55.943160,-3.188892,1819.63,2070.22
55.943160,-3.188892,NNE,55.943437,-3.188777,1819.63,2068.97
55.943437,-3.188777,SSW,55.943160,-3.188892,1819.63,2067.72
55.943160,-3.188892,NNE,55.943437,-3.188777,1819.63,2066.47
55.943437,-3.188777,SSW,55.943160,-3.188892,1819.63,2065.22
55.943160,-3.188892,NNE,55.943437,-3.188777,1819.63,2063.97
55.943437,-3.188777,SSW,55.943160,-3.188892,1819.63,2062.72
55.943160,-3.188892,NNE,55.943437,-3.188777,1819.63,2061.47
55.943437,-3.188777,SSW,55.943160,-3.188892,1819.63,2060.22
